Scores:
|	| Prec 	| Rec 	| F1 	| Supp 	|
| Var	| 1.000	| 0.978	| 0.989	| 45	|
| Con	| 0.956	| 0.956	| 0.956	| 45	|
| PiE	| 0.978	| 0.978	| 0.978	| 45	|
| PiF	| 0.917	| 0.978	| 0.946	| 45	|
| TypeF	| 1.000	| 1.000	| 1.000	| 24	|
| SigmaF	| 0.957	| 0.978	| 0.967	| 45	|
| PiI	| 0.969	| 1.000	| 0.984	| 31	|
| SigmaI	| 1.000	| 0.500	| 0.667	| 2	|
| SigmaE	| 1.000	| 0.978	| 0.989	| 45	|
| EnumF	| 1.000	| 0.956	| 0.977	| 45	|
| IqF	| 1.000	| 1.000	| 1.000	| 2	|
| IqE	| 1.000	| 1.000	| 1.000	| 5	|

| micro	| 0.974	| 0.974	| 0.974	| 379	|
| macro	| 0.981	| 0.942	| 0.954	| 379	|
| w-avg	| 0.974	| 0.974	| 0.973	| 379	|

Confusion matrix: 
|	| Var	| Con	| PiE	| PiF	| TypeF	| SigmaF	| PiI	| SigmaI	| SigmaE	| EnumF	| IqF	| IqE	|
| Var	| 44	| 0	| 0	| 0	| 0	| 0	| 0	| 0	| 0	| 0	| 0	| 0	|
| Con	| 1	| 43	| 1	| 0	| 0	| 0	| 0	| 0	| 0	| 0	| 0	| 0	|
| PiE	| 0	| 1	| 44	| 0	| 0	| 0	| 0	| 0	| 0	| 0	| 0	| 0	|
| PiF	| 0	| 1	| 0	| 44	| 0	| 1	| 0	| 0	| 0	| 2	| 0	| 0	|
| TypeF	| 0	| 0	| 0	| 0	| 24	| 0	| 0	| 0	| 0	| 0	| 0	| 0	|
| SigmaF	| 0	| 0	| 0	| 1	| 0	| 44	| 0	| 1	| 0	| 0	| 0	| 0	|
| PiI	| 0	| 0	| 0	| 0	| 0	| 0	| 31	| 0	| 1	| 0	| 0	| 0	|
| SigmaI	| 0	| 0	| 0	| 0	| 0	| 0	| 0	| 1	| 0	| 0	| 0	| 0	|
| SigmaE	| 0	| 0	| 0	| 0	| 0	| 0	| 0	| 0	| 44	| 0	| 0	| 0	|
| EnumF	| 0	| 0	| 0	| 0	| 0	| 0	| 0	| 0	| 0	| 43	| 0	| 0	|
| IqF	| 0	| 0	| 0	| 0	| 0	| 0	| 0	| 0	| 0	| 0	| 2	| 0	|
| IqE	| 0	| 0	| 0	| 0	| 0	| 0	| 0	| 0	| 0	| 0	| 0	| 5	|

