Scores:
|	| Prec 	| Rec 	| F1 	| Supp 	|
| Var	| 1.000	| 0.956	| 0.977	| 45	|
| Con	| 0.957	| 1.000	| 0.978	| 45	|
| TypeF	| 1.000	| 1.000	| 1.000	| 24	|
| PiF	| 0.936	| 0.978	| 0.957	| 45	|
| SigmaF	| 0.977	| 0.933	| 0.955	| 45	|
| PiI	| 0.939	| 1.000	| 0.969	| 31	|
| PiE	| 1.000	| 0.978	| 0.989	| 45	|
| SigmaI	| 0.500	| 0.500	| 0.500	| 2	|
| SigmaE	| 1.000	| 0.978	| 0.989	| 45	|
| EnumF	| 1.000	| 1.000	| 1.000	| 45	|
| IqF	| 1.000	| 1.000	| 1.000	| 2	|
| IqE	| 1.000	| 1.000	| 1.000	| 5	|

| micro	| 0.976	| 0.976	| 0.976	| 379	|
| macro	| 0.942	| 0.944	| 0.943	| 379	|
| w-avg	| 0.977	| 0.976	| 0.976	| 379	|

Confusion matrix: 
|	| Var	| Con	| TypeF	| PiF	| SigmaF	| PiI	| PiE	| SigmaI	| SigmaE	| EnumF	| IqF	| IqE	|
| Var	| 43	| 0	| 0	| 0	| 0	| 0	| 0	| 0	| 0	| 0	| 0	| 0	|
| Con	| 2	| 45	| 0	| 0	| 0	| 0	| 0	| 0	| 0	| 0	| 0	| 0	|
| TypeF	| 0	| 0	| 24	| 0	| 0	| 0	| 0	| 0	| 0	| 0	| 0	| 0	|
| PiF	| 0	| 0	| 0	| 44	| 3	| 0	| 0	| 0	| 0	| 0	| 0	| 0	|
| SigmaF	| 0	| 0	| 0	| 1	| 42	| 0	| 0	| 0	| 0	| 0	| 0	| 0	|
| PiI	| 0	| 0	| 0	| 0	| 0	| 31	| 1	| 1	| 0	| 0	| 0	| 0	|
| PiE	| 0	| 0	| 0	| 0	| 0	| 0	| 44	| 0	| 0	| 0	| 0	| 0	|
| SigmaI	| 0	| 0	| 0	| 0	| 0	| 0	| 0	| 1	| 1	| 0	| 0	| 0	|
| SigmaE	| 0	| 0	| 0	| 0	| 0	| 0	| 0	| 0	| 44	| 0	| 0	| 0	|
| EnumF	| 0	| 0	| 0	| 0	| 0	| 0	| 0	| 0	| 0	| 45	| 0	| 0	|
| IqF	| 0	| 0	| 0	| 0	| 0	| 0	| 0	| 0	| 0	| 0	| 2	| 0	|
| IqE	| 0	| 0	| 0	| 0	| 0	| 0	| 0	| 0	| 0	| 0	| 0	| 5	|

