Scores:
|	| Prec 	| Rec 	| F1 	| Supp 	|
| Var	| 1.000	| 0.933	| 0.966	| 45	|
| PiF	| 0.978	| 1.000	| 0.989	| 45	|
| SigmaE	| 0.900	| 1.000	| 0.947	| 45	|
| Con	| 1.000	| 1.000	| 1.000	| 45	|
| TypeF	| 1.000	| 1.000	| 1.000	| 24	|
| PiI	| 1.000	| 0.968	| 0.984	| 31	|
| PiE	| 0.978	| 0.978	| 0.978	| 45	|
| SigmaF	| 0.978	| 0.978	| 0.978	| 45	|
| SigmaI	| 1.000	| 0.000	| 0.000	| 2	|
| EnumF	| 1.000	| 1.000	| 1.000	| 45	|
| IqF	| 1.000	| 1.000	| 1.000	| 2	|
| IqE	| 1.000	| 1.000	| 1.000	| 5	|

| micro	| 0.979	| 0.979	| 0.979	| 379	|
| macro	| 0.986	| 0.905	| 0.903	| 379	|
| w-avg	| 0.980	| 0.979	| 0.976	| 379	|

Confusion matrix: 
|	| Var	| PiF	| SigmaE	| Con	| TypeF	| PiI	| PiE	| SigmaF	| SigmaI	| EnumF	| IqF	| IqE	|
| Var	| 42	| 0	| 0	| 0	| 0	| 0	| 0	| 0	| 0	| 0	| 0	| 0	|
| PiF	| 1	| 45	| 0	| 0	| 0	| 0	| 0	| 0	| 0	| 0	| 0	| 0	|
| SigmaE	| 2	| 0	| 45	| 0	| 0	| 1	| 0	| 0	| 2	| 0	| 0	| 0	|
| Con	| 0	| 0	| 0	| 45	| 0	| 0	| 0	| 0	| 0	| 0	| 0	| 0	|
| TypeF	| 0	| 0	| 0	| 0	| 24	| 0	| 0	| 0	| 0	| 0	| 0	| 0	|
| PiI	| 0	| 0	| 0	| 0	| 0	| 30	| 0	| 0	| 0	| 0	| 0	| 0	|
| PiE	| 0	| 0	| 0	| 0	| 0	| 0	| 44	| 1	| 0	| 0	| 0	| 0	|
| SigmaF	| 0	| 0	| 0	| 0	| 0	| 0	| 1	| 44	| 0	| 0	| 0	| 0	|
| SigmaI	| 0	| 0	| 0	| 0	| 0	| 0	| 0	| 0	| 0	| 0	| 0	| 0	|
| EnumF	| 0	| 0	| 0	| 0	| 0	| 0	| 0	| 0	| 0	| 45	| 0	| 0	|
| IqF	| 0	| 0	| 0	| 0	| 0	| 0	| 0	| 0	| 0	| 0	| 2	| 0	|
| IqE	| 0	| 0	| 0	| 0	| 0	| 0	| 0	| 0	| 0	| 0	| 0	| 5	|

