Scores:
|	| Prec 	| Rec 	| F1 	| Supp 	|
| Var	| 0.936	| 0.978	| 0.957	| 45	|
| PiF	| 0.978	| 1.000	| 0.989	| 45	|
| Con	| 1.000	| 0.978	| 0.989	| 45	|
| TypeF	| 1.000	| 1.000	| 1.000	| 24	|
| PiI	| 1.000	| 1.000	| 1.000	| 31	|
| PiE	| 1.000	| 1.000	| 1.000	| 45	|
| SigmaF	| 1.000	| 1.000	| 1.000	| 45	|
| SigmaI	| 1.000	| 0.000	| 0.000	| 2	|
| SigmaE	| 1.000	| 1.000	| 1.000	| 45	|
| EnumF	| 1.000	| 1.000	| 1.000	| 45	|
| IqF	| 1.000	| 1.000	| 1.000	| 2	|
| IqE	| 1.000	| 1.000	| 1.000	| 5	|

| micro	| 0.989	| 0.989	| 0.989	| 379	|
| macro	| 0.993	| 0.913	| 0.911	| 379	|
| w-avg	| 0.990	| 0.989	| 0.987	| 379	|

Confusion matrix: 
|	| Var	| PiF	| Con	| TypeF	| PiI	| PiE	| SigmaF	| SigmaI	| SigmaE	| EnumF	| IqF	| IqE	|
| Var	| 44	| 0	| 1	| 0	| 0	| 0	| 0	| 2	| 0	| 0	| 0	| 0	|
| PiF	| 1	| 45	| 0	| 0	| 0	| 0	| 0	| 0	| 0	| 0	| 0	| 0	|
| Con	| 0	| 0	| 44	| 0	| 0	| 0	| 0	| 0	| 0	| 0	| 0	| 0	|
| TypeF	| 0	| 0	| 0	| 24	| 0	| 0	| 0	| 0	| 0	| 0	| 0	| 0	|
| PiI	| 0	| 0	| 0	| 0	| 31	| 0	| 0	| 0	| 0	| 0	| 0	| 0	|
| PiE	| 0	| 0	| 0	| 0	| 0	| 45	| 0	| 0	| 0	| 0	| 0	| 0	|
| SigmaF	| 0	| 0	| 0	| 0	| 0	| 0	| 45	| 0	| 0	| 0	| 0	| 0	|
| SigmaI	| 0	| 0	| 0	| 0	| 0	| 0	| 0	| 0	| 0	| 0	| 0	| 0	|
| SigmaE	| 0	| 0	| 0	| 0	| 0	| 0	| 0	| 0	| 45	| 0	| 0	| 0	|
| EnumF	| 0	| 0	| 0	| 0	| 0	| 0	| 0	| 0	| 0	| 45	| 0	| 0	|
| IqF	| 0	| 0	| 0	| 0	| 0	| 0	| 0	| 0	| 0	| 0	| 2	| 0	|
| IqE	| 0	| 0	| 0	| 0	| 0	| 0	| 0	| 0	| 0	| 0	| 0	| 5	|

