Scores:
|	| Prec 	| Rec 	| F1 	| Supp 	|
| Var	| 0.978	| 1.000	| 0.989	| 45	|
| Con	| 0.938	| 1.000	| 0.968	| 45	|
| TypeF	| 1.000	| 1.000	| 1.000	| 24	|
| PiF	| 0.917	| 0.978	| 0.946	| 45	|
| SigmaF	| 0.953	| 0.911	| 0.932	| 45	|
| PiI	| 0.912	| 1.000	| 0.954	| 31	|
| PiE	| 0.889	| 0.889	| 0.889	| 45	|
| SigmaI	| 1.000	| 0.000	| 0.000	| 2	|
| SigmaE	| 1.000	| 0.956	| 0.977	| 45	|
| EnumF	| 1.000	| 0.978	| 0.989	| 45	|
| IqF	| 1.000	| 0.000	| 0.000	| 2	|
| IqE	| 1.000	| 0.800	| 0.889	| 5	|

| micro	| 0.953	| 0.953	| 0.953	| 379	|
| macro	| 0.966	| 0.793	| 0.794	| 379	|
| w-avg	| 0.954	| 0.953	| 0.947	| 379	|

Confusion matrix: 
|	| Var	| Con	| TypeF	| PiF	| SigmaF	| PiI	| PiE	| SigmaI	| SigmaE	| EnumF	| IqF	| IqE	|
| Var	| 45	| 0	| 0	| 0	| 0	| 0	| 0	| 1	| 0	| 0	| 0	| 0	|
| Con	| 0	| 45	| 0	| 0	| 0	| 0	| 3	| 0	| 0	| 0	| 0	| 0	|
| TypeF	| 0	| 0	| 24	| 0	| 0	| 0	| 0	| 0	| 0	| 0	| 0	| 0	|
| PiF	| 0	| 0	| 0	| 44	| 3	| 0	| 0	| 0	| 0	| 1	| 0	| 0	|
| SigmaF	| 0	| 0	| 0	| 1	| 41	| 0	| 1	| 0	| 0	| 0	| 0	| 0	|
| PiI	| 0	| 0	| 0	| 0	| 0	| 31	| 1	| 1	| 0	| 0	| 0	| 1	|
| PiE	| 0	| 0	| 0	| 0	| 1	| 0	| 40	| 0	| 2	| 0	| 2	| 0	|
| SigmaI	| 0	| 0	| 0	| 0	| 0	| 0	| 0	| 0	| 0	| 0	| 0	| 0	|
| SigmaE	| 0	| 0	| 0	| 0	| 0	| 0	| 0	| 0	| 43	| 0	| 0	| 0	|
| EnumF	| 0	| 0	| 0	| 0	| 0	| 0	| 0	| 0	| 0	| 44	| 0	| 0	|
| IqF	| 0	| 0	| 0	| 0	| 0	| 0	| 0	| 0	| 0	| 0	| 0	| 0	|
| IqE	| 0	| 0	| 0	| 0	| 0	| 0	| 0	| 0	| 0	| 0	| 0	| 4	|

