Scores:
|	| Prec 	| Rec 	| F1 	| Supp 	|
| Var	| 1.000	| 0.933	| 0.966	| 45	|
| PiE	| 0.915	| 0.956	| 0.935	| 45	|
| Con	| 0.978	| 1.000	| 0.989	| 45	|
| TypeF	| 1.000	| 1.000	| 1.000	| 24	|
| PiF	| 0.978	| 1.000	| 0.989	| 45	|
| PiI	| 0.939	| 1.000	| 0.969	| 31	|
| SigmaF	| 0.977	| 0.956	| 0.966	| 45	|
| EnumF	| 0.978	| 1.000	| 0.989	| 45	|
| SigmaI	| 1.000	| 0.000	| 0.000	| 2	|
| SigmaE	| 1.000	| 0.978	| 0.989	| 45	|
| IqF	| 1.000	| 1.000	| 1.000	| 2	|
| IqE	| 1.000	| 1.000	| 1.000	| 5	|

| micro	| 0.974	| 0.974	| 0.974	| 379	|
| macro	| 0.981	| 0.902	| 0.899	| 379	|
| w-avg	| 0.974	| 0.974	| 0.971	| 379	|

Confusion matrix: 
|	| Var	| PiE	| Con	| TypeF	| PiF	| PiI	| SigmaF	| EnumF	| SigmaI	| SigmaE	| IqF	| IqE	|
| Var	| 42	| 0	| 0	| 0	| 0	| 0	| 0	| 0	| 0	| 0	| 0	| 0	|
| PiE	| 2	| 43	| 0	| 0	| 0	| 0	| 0	| 0	| 1	| 1	| 0	| 0	|
| Con	| 1	| 0	| 45	| 0	| 0	| 0	| 0	| 0	| 0	| 0	| 0	| 0	|
| TypeF	| 0	| 0	| 0	| 24	| 0	| 0	| 0	| 0	| 0	| 0	| 0	| 0	|
| PiF	| 0	| 0	| 0	| 0	| 45	| 0	| 1	| 0	| 0	| 0	| 0	| 0	|
| PiI	| 0	| 1	| 0	| 0	| 0	| 31	| 0	| 0	| 1	| 0	| 0	| 0	|
| SigmaF	| 0	| 1	| 0	| 0	| 0	| 0	| 43	| 0	| 0	| 0	| 0	| 0	|
| EnumF	| 0	| 0	| 0	| 0	| 0	| 0	| 1	| 45	| 0	| 0	| 0	| 0	|
| SigmaI	| 0	| 0	| 0	| 0	| 0	| 0	| 0	| 0	| 0	| 0	| 0	| 0	|
| SigmaE	| 0	| 0	| 0	| 0	| 0	| 0	| 0	| 0	| 0	| 44	| 0	| 0	|
| IqF	| 0	| 0	| 0	| 0	| 0	| 0	| 0	| 0	| 0	| 0	| 2	| 0	|
| IqE	| 0	| 0	| 0	| 0	| 0	| 0	| 0	| 0	| 0	| 0	| 0	| 5	|

