Scores:
|	| Prec 	| Rec 	| F1 	| Supp 	|
| Var	| 0.977	| 0.956	| 0.966	| 45	|
| PiI	| 0.969	| 1.000	| 0.984	| 31	|
| SigmaE	| 0.957	| 1.000	| 0.978	| 45	|
| Con	| 1.000	| 0.978	| 0.989	| 45	|
| TypeF	| 1.000	| 1.000	| 1.000	| 24	|
| PiF	| 1.000	| 0.911	| 0.953	| 45	|
| SigmaF	| 0.917	| 0.978	| 0.946	| 45	|
| PiE	| 0.957	| 0.978	| 0.967	| 45	|
| IqE	| 0.833	| 1.000	| 0.909	| 5	|
| SigmaI	| 1.000	| 0.000	| 0.000	| 2	|
| EnumF	| 1.000	| 1.000	| 1.000	| 45	|
| IqF	| 1.000	| 1.000	| 1.000	| 2	|

| micro	| 0.971	| 0.971	| 0.971	| 379	|
| macro	| 0.967	| 0.900	| 0.891	| 379	|
| w-avg	| 0.972	| 0.971	| 0.968	| 379	|

Confusion matrix: 
|	| Var	| PiI	| SigmaE	| Con	| TypeF	| PiF	| SigmaF	| PiE	| IqE	| SigmaI	| EnumF	| IqF	|
| Var	| 43	| 0	| 0	| 1	| 0	| 0	| 0	| 0	| 0	| 0	| 0	| 0	|
| PiI	| 1	| 31	| 0	| 0	| 0	| 0	| 0	| 0	| 0	| 0	| 0	| 0	|
| SigmaE	| 1	| 0	| 45	| 0	| 0	| 0	| 0	| 0	| 0	| 1	| 0	| 0	|
| Con	| 0	| 0	| 0	| 44	| 0	| 0	| 0	| 0	| 0	| 0	| 0	| 0	|
| TypeF	| 0	| 0	| 0	| 0	| 24	| 0	| 0	| 0	| 0	| 0	| 0	| 0	|
| PiF	| 0	| 0	| 0	| 0	| 0	| 41	| 0	| 0	| 0	| 0	| 0	| 0	|
| SigmaF	| 0	| 0	| 0	| 0	| 0	| 3	| 44	| 1	| 0	| 0	| 0	| 0	|
| PiE	| 0	| 0	| 0	| 0	| 0	| 1	| 1	| 44	| 0	| 0	| 0	| 0	|
| IqE	| 0	| 0	| 0	| 0	| 0	| 0	| 0	| 0	| 5	| 1	| 0	| 0	|
| SigmaI	| 0	| 0	| 0	| 0	| 0	| 0	| 0	| 0	| 0	| 0	| 0	| 0	|
| EnumF	| 0	| 0	| 0	| 0	| 0	| 0	| 0	| 0	| 0	| 0	| 45	| 0	|
| IqF	| 0	| 0	| 0	| 0	| 0	| 0	| 0	| 0	| 0	| 0	| 0	| 2	|

