Scores:
|	| Prec 	| Rec 	| F1 	| Supp 	|
| Var	| 0.976	| 0.911	| 0.943	| 45	|
| PiF	| 0.956	| 0.956	| 0.956	| 45	|
| PiI	| 0.912	| 1.000	| 0.954	| 31	|
| SigmaE	| 0.957	| 1.000	| 0.978	| 45	|
| Con	| 0.935	| 0.956	| 0.945	| 45	|
| EnumF	| 0.918	| 1.000	| 0.957	| 45	|
| TypeF	| 1.000	| 1.000	| 1.000	| 24	|
| SigmaF	| 0.891	| 0.911	| 0.901	| 45	|
| PiE	| 0.975	| 0.867	| 0.918	| 45	|
| SigmaI	| 1.000	| 0.000	| 0.000	| 2	|
| IqF	| 1.000	| 0.500	| 0.667	| 2	|
| IqE	| 1.000	| 1.000	| 1.000	| 5	|

| micro	| 0.945	| 0.945	| 0.945	| 379	|
| macro	| 0.960	| 0.842	| 0.852	| 379	|
| w-avg	| 0.946	| 0.945	| 0.941	| 379	|

Confusion matrix: 
|	| Var	| PiF	| PiI	| SigmaE	| Con	| EnumF	| TypeF	| SigmaF	| PiE	| SigmaI	| IqF	| IqE	|
| Var	| 41	| 0	| 0	| 0	| 0	| 0	| 0	| 0	| 0	| 1	| 0	| 0	|
| PiF	| 1	| 43	| 0	| 0	| 1	| 0	| 0	| 0	| 0	| 0	| 0	| 0	|
| PiI	| 2	| 0	| 31	| 0	| 0	| 0	| 0	| 0	| 1	| 0	| 0	| 0	|
| SigmaE	| 1	| 0	| 0	| 45	| 0	| 0	| 0	| 0	| 0	| 1	| 0	| 0	|
| Con	| 0	| 0	| 0	| 0	| 43	| 0	| 0	| 0	| 3	| 0	| 0	| 0	|
| EnumF	| 0	| 0	| 0	| 0	| 1	| 45	| 0	| 3	| 0	| 0	| 0	| 0	|
| TypeF	| 0	| 0	| 0	| 0	| 0	| 0	| 24	| 0	| 0	| 0	| 0	| 0	|
| SigmaF	| 0	| 2	| 0	| 0	| 0	| 0	| 0	| 41	| 2	| 0	| 1	| 0	|
| PiE	| 0	| 0	| 0	| 0	| 0	| 0	| 0	| 1	| 39	| 0	| 0	| 0	|
| SigmaI	| 0	| 0	| 0	| 0	| 0	| 0	| 0	| 0	| 0	| 0	| 0	| 0	|
| IqF	| 0	| 0	| 0	| 0	| 0	| 0	| 0	| 0	| 0	| 0	| 1	| 0	|
| IqE	| 0	| 0	| 0	| 0	| 0	| 0	| 0	| 0	| 0	| 0	| 0	| 5	|

