Scores:
|	| Prec 	| Rec 	| F1 	| Supp 	|
| Var	| 0.956	| 0.956	| 0.956	| 45	|
| SigmaE	| 0.978	| 0.978	| 0.978	| 45	|
| Con	| 0.936	| 0.978	| 0.957	| 45	|
| TypeF	| 1.000	| 1.000	| 1.000	| 24	|
| PiF	| 0.935	| 0.956	| 0.945	| 45	|
| SigmaF	| 0.894	| 0.933	| 0.913	| 45	|
| PiI	| 0.969	| 1.000	| 0.984	| 31	|
| PiE	| 0.953	| 0.911	| 0.932	| 45	|
| SigmaI	| 1.000	| 0.500	| 0.667	| 2	|
| EnumF	| 1.000	| 0.956	| 0.977	| 45	|
| IqF	| 1.000	| 0.500	| 0.667	| 2	|
| IqE	| 1.000	| 1.000	| 1.000	| 5	|

| micro	| 0.955	| 0.955	| 0.955	| 379	|
| macro	| 0.968	| 0.889	| 0.915	| 379	|
| w-avg	| 0.956	| 0.955	| 0.954	| 379	|

Confusion matrix: 
|	| Var	| SigmaE	| Con	| TypeF	| PiF	| SigmaF	| PiI	| PiE	| SigmaI	| EnumF	| IqF	| IqE	|
| Var	| 43	| 0	| 1	| 0	| 0	| 0	| 0	| 0	| 1	| 0	| 0	| 0	|
| SigmaE	| 1	| 44	| 0	| 0	| 0	| 0	| 0	| 0	| 0	| 0	| 0	| 0	|
| Con	| 1	| 0	| 44	| 0	| 0	| 0	| 0	| 1	| 0	| 0	| 1	| 0	|
| TypeF	| 0	| 0	| 0	| 24	| 0	| 0	| 0	| 0	| 0	| 0	| 0	| 0	|
| PiF	| 0	| 0	| 0	| 0	| 43	| 2	| 0	| 0	| 0	| 1	| 0	| 0	|
| SigmaF	| 0	| 0	| 0	| 0	| 2	| 42	| 0	| 2	| 0	| 1	| 0	| 0	|
| PiI	| 0	| 0	| 0	| 0	| 0	| 0	| 31	| 1	| 0	| 0	| 0	| 0	|
| PiE	| 0	| 1	| 0	| 0	| 0	| 1	| 0	| 41	| 0	| 0	| 0	| 0	|
| SigmaI	| 0	| 0	| 0	| 0	| 0	| 0	| 0	| 0	| 1	| 0	| 0	| 0	|
| EnumF	| 0	| 0	| 0	| 0	| 0	| 0	| 0	| 0	| 0	| 43	| 0	| 0	|
| IqF	| 0	| 0	| 0	| 0	| 0	| 0	| 0	| 0	| 0	| 0	| 1	| 0	|
| IqE	| 0	| 0	| 0	| 0	| 0	| 0	| 0	| 0	| 0	| 0	| 0	| 5	|

