Scores:
|	| Prec 	| Rec 	| F1 	| Supp 	|
| Var	| 0.935	| 0.956	| 0.945	| 45	|
| Con	| 0.936	| 0.978	| 0.957	| 45	|
| PiF	| 0.978	| 0.978	| 0.978	| 45	|
| TypeF	| 1.000	| 1.000	| 1.000	| 24	|
| SigmaF	| 0.976	| 0.911	| 0.943	| 45	|
| PiI	| 1.000	| 1.000	| 1.000	| 31	|
| PiE	| 0.956	| 0.956	| 0.956	| 45	|
| EnumF	| 0.957	| 1.000	| 0.978	| 45	|
| SigmaI	| 1.000	| 0.000	| 0.000	| 2	|
| SigmaE	| 1.000	| 1.000	| 1.000	| 45	|
| IqF	| 1.000	| 1.000	| 1.000	| 2	|
| IqE	| 1.000	| 1.000	| 1.000	| 5	|

| micro	| 0.968	| 0.968	| 0.968	| 379	|
| macro	| 0.978	| 0.898	| 0.896	| 379	|
| w-avg	| 0.969	| 0.968	| 0.966	| 379	|

Confusion matrix: 
|	| Var	| Con	| PiF	| TypeF	| SigmaF	| PiI	| PiE	| EnumF	| SigmaI	| SigmaE	| IqF	| IqE	|
| Var	| 43	| 0	| 0	| 0	| 0	| 0	| 1	| 0	| 2	| 0	| 0	| 0	|
| Con	| 2	| 44	| 0	| 0	| 0	| 0	| 1	| 0	| 0	| 0	| 0	| 0	|
| PiF	| 0	| 1	| 44	| 0	| 0	| 0	| 0	| 0	| 0	| 0	| 0	| 0	|
| TypeF	| 0	| 0	| 0	| 24	| 0	| 0	| 0	| 0	| 0	| 0	| 0	| 0	|
| SigmaF	| 0	| 0	| 1	| 0	| 41	| 0	| 0	| 0	| 0	| 0	| 0	| 0	|
| PiI	| 0	| 0	| 0	| 0	| 0	| 31	| 0	| 0	| 0	| 0	| 0	| 0	|
| PiE	| 0	| 0	| 0	| 0	| 2	| 0	| 43	| 0	| 0	| 0	| 0	| 0	|
| EnumF	| 0	| 0	| 0	| 0	| 2	| 0	| 0	| 45	| 0	| 0	| 0	| 0	|
| SigmaI	| 0	| 0	| 0	| 0	| 0	| 0	| 0	| 0	| 0	| 0	| 0	| 0	|
| SigmaE	| 0	| 0	| 0	| 0	| 0	| 0	| 0	| 0	| 0	| 45	| 0	| 0	|
| IqF	| 0	| 0	| 0	| 0	| 0	| 0	| 0	| 0	| 0	| 0	| 2	| 0	|
| IqE	| 0	| 0	| 0	| 0	| 0	| 0	| 0	| 0	| 0	| 0	| 0	| 5	|

