Scores:
|	| Prec 	| Rec 	| F1 	| Supp 	|
| Var	| 0.898	| 0.978	| 0.936	| 45	|
| PiE	| 0.955	| 0.933	| 0.944	| 45	|
| Con	| 1.000	| 0.933	| 0.966	| 45	|
| SigmaF	| 0.865	| 1.000	| 0.928	| 45	|
| TypeF	| 1.000	| 1.000	| 1.000	| 24	|
| PiF	| 0.977	| 0.933	| 0.955	| 45	|
| PiI	| 0.912	| 1.000	| 0.954	| 31	|
| SigmaI	| 1.000	| 1.000	| 1.000	| 2	|
| SigmaE	| 1.000	| 0.911	| 0.953	| 45	|
| EnumF	| 1.000	| 0.911	| 0.953	| 45	|
| IqF	| 1.000	| 1.000	| 1.000	| 2	|
| IqE	| 1.000	| 1.000	| 1.000	| 5	|

| micro	| 0.953	| 0.953	| 0.953	| 379	|
| macro	| 0.967	| 0.967	| 0.966	| 379	|
| w-avg	| 0.957	| 0.953	| 0.953	| 379	|

Confusion matrix: 
|	| Var	| PiE	| Con	| SigmaF	| TypeF	| PiF	| PiI	| SigmaI	| SigmaE	| EnumF	| IqF	| IqE	|
| Var	| 44	| 0	| 1	| 0	| 0	| 0	| 0	| 0	| 4	| 0	| 0	| 0	|
| PiE	| 1	| 42	| 1	| 0	| 0	| 0	| 0	| 0	| 0	| 0	| 0	| 0	|
| Con	| 0	| 0	| 42	| 0	| 0	| 0	| 0	| 0	| 0	| 0	| 0	| 0	|
| SigmaF	| 0	| 0	| 1	| 45	| 0	| 3	| 0	| 0	| 0	| 3	| 0	| 0	|
| TypeF	| 0	| 0	| 0	| 0	| 24	| 0	| 0	| 0	| 0	| 0	| 0	| 0	|
| PiF	| 0	| 0	| 0	| 0	| 0	| 42	| 0	| 0	| 0	| 1	| 0	| 0	|
| PiI	| 0	| 3	| 0	| 0	| 0	| 0	| 31	| 0	| 0	| 0	| 0	| 0	|
| SigmaI	| 0	| 0	| 0	| 0	| 0	| 0	| 0	| 2	| 0	| 0	| 0	| 0	|
| SigmaE	| 0	| 0	| 0	| 0	| 0	| 0	| 0	| 0	| 41	| 0	| 0	| 0	|
| EnumF	| 0	| 0	| 0	| 0	| 0	| 0	| 0	| 0	| 0	| 41	| 0	| 0	|
| IqF	| 0	| 0	| 0	| 0	| 0	| 0	| 0	| 0	| 0	| 0	| 2	| 0	|
| IqE	| 0	| 0	| 0	| 0	| 0	| 0	| 0	| 0	| 0	| 0	| 0	| 5	|

