Scores:
|	| Prec 	| Rec 	| F1 	| Supp 	|
| Var	| 0.977	| 0.933	| 0.955	| 45	|
| SigmaE	| 0.957	| 0.978	| 0.967	| 45	|
| PiI	| 0.938	| 0.968	| 0.952	| 31	|
| Con	| 0.977	| 0.956	| 0.966	| 45	|
| PiF	| 0.936	| 0.978	| 0.957	| 45	|
| TypeF	| 1.000	| 1.000	| 1.000	| 24	|
| SigmaF	| 0.977	| 0.933	| 0.955	| 45	|
| IqE	| 0.833	| 1.000	| 0.909	| 5	|
| PiE	| 0.935	| 0.956	| 0.945	| 45	|
| EnumF	| 0.938	| 1.000	| 0.968	| 45	|
| SigmaI	| 1.000	| 0.000	| 0.000	| 2	|
| IqF	| 1.000	| 0.000	| 0.000	| 2	|

| micro	| 0.955	| 0.955	| 0.955	| 379	|
| macro	| 0.956	| 0.808	| 0.798	| 379	|
| w-avg	| 0.957	| 0.955	| 0.950	| 379	|

Confusion matrix: 
|	| Var	| SigmaE	| PiI	| Con	| PiF	| TypeF	| SigmaF	| IqE	| PiE	| EnumF	| SigmaI	| IqF	|
| Var	| 42	| 0	| 0	| 0	| 0	| 0	| 0	| 0	| 0	| 0	| 1	| 0	|
| SigmaE	| 2	| 44	| 0	| 0	| 0	| 0	| 0	| 0	| 0	| 0	| 0	| 0	|
| PiI	| 1	| 0	| 30	| 0	| 0	| 0	| 0	| 0	| 1	| 0	| 0	| 0	|
| Con	| 0	| 0	| 0	| 43	| 0	| 0	| 0	| 0	| 1	| 0	| 0	| 0	|
| PiF	| 0	| 1	| 0	| 2	| 44	| 0	| 0	| 0	| 0	| 0	| 0	| 0	|
| TypeF	| 0	| 0	| 0	| 0	| 0	| 24	| 0	| 0	| 0	| 0	| 0	| 0	|
| SigmaF	| 0	| 0	| 0	| 0	| 1	| 0	| 42	| 0	| 0	| 0	| 0	| 0	|
| IqE	| 0	| 0	| 1	| 0	| 0	| 0	| 0	| 5	| 0	| 0	| 0	| 0	|
| PiE	| 0	| 0	| 0	| 0	| 0	| 0	| 2	| 0	| 43	| 0	| 1	| 0	|
| EnumF	| 0	| 0	| 0	| 0	| 0	| 0	| 1	| 0	| 0	| 45	| 0	| 2	|
| SigmaI	| 0	| 0	| 0	| 0	| 0	| 0	| 0	| 0	| 0	| 0	| 0	| 0	|
| IqF	| 0	| 0	| 0	| 0	| 0	| 0	| 0	| 0	| 0	| 0	| 0	| 0	|

