Scores:
|	| Prec 	| Rec 	| F1 	| Supp 	|
| Var	| 0.978	| 1.000	| 0.989	| 45	|
| Con	| 0.957	| 1.000	| 0.978	| 45	|
| TypeF	| 1.000	| 1.000	| 1.000	| 24	|
| SigmaF	| 0.957	| 1.000	| 0.978	| 45	|
| PiF	| 1.000	| 0.978	| 0.989	| 45	|
| PiI	| 0.938	| 0.968	| 0.952	| 31	|
| PiE	| 1.000	| 0.956	| 0.977	| 45	|
| SigmaI	| 1.000	| 0.000	| 0.000	| 2	|
| SigmaE	| 1.000	| 1.000	| 1.000	| 45	|
| EnumF	| 1.000	| 0.978	| 0.989	| 45	|
| IqF	| 1.000	| 1.000	| 1.000	| 2	|
| IqE	| 1.000	| 1.000	| 1.000	| 5	|

| micro	| 0.982	| 0.982	| 0.982	| 379	|
| macro	| 0.986	| 0.907	| 0.904	| 379	|
| w-avg	| 0.982	| 0.982	| 0.979	| 379	|

Confusion matrix: 
|	| Var	| Con	| TypeF	| SigmaF	| PiF	| PiI	| PiE	| SigmaI	| SigmaE	| EnumF	| IqF	| IqE	|
| Var	| 45	| 0	| 0	| 0	| 0	| 1	| 0	| 0	| 0	| 0	| 0	| 0	|
| Con	| 0	| 45	| 0	| 0	| 0	| 0	| 1	| 0	| 0	| 1	| 0	| 0	|
| TypeF	| 0	| 0	| 24	| 0	| 0	| 0	| 0	| 0	| 0	| 0	| 0	| 0	|
| SigmaF	| 0	| 0	| 0	| 45	| 1	| 0	| 1	| 0	| 0	| 0	| 0	| 0	|
| PiF	| 0	| 0	| 0	| 0	| 44	| 0	| 0	| 0	| 0	| 0	| 0	| 0	|
| PiI	| 0	| 0	| 0	| 0	| 0	| 30	| 0	| 2	| 0	| 0	| 0	| 0	|
| PiE	| 0	| 0	| 0	| 0	| 0	| 0	| 43	| 0	| 0	| 0	| 0	| 0	|
| SigmaI	| 0	| 0	| 0	| 0	| 0	| 0	| 0	| 0	| 0	| 0	| 0	| 0	|
| SigmaE	| 0	| 0	| 0	| 0	| 0	| 0	| 0	| 0	| 45	| 0	| 0	| 0	|
| EnumF	| 0	| 0	| 0	| 0	| 0	| 0	| 0	| 0	| 0	| 44	| 0	| 0	|
| IqF	| 0	| 0	| 0	| 0	| 0	| 0	| 0	| 0	| 0	| 0	| 2	| 0	|
| IqE	| 0	| 0	| 0	| 0	| 0	| 0	| 0	| 0	| 0	| 0	| 0	| 5	|

