Scores:
|	| Prec 	| Rec 	| F1 	| Supp 	|
| Var	| 0.978	| 1.000	| 0.989	| 45	|
| Con	| 0.956	| 0.956	| 0.956	| 45	|
| PiE	| 0.956	| 0.956	| 0.956	| 45	|
| PiF	| 0.930	| 0.889	| 0.909	| 45	|
| TypeF	| 1.000	| 1.000	| 1.000	| 24	|
| SigmaF	| 0.741	| 0.956	| 0.835	| 45	|
| PiI	| 0.912	| 1.000	| 0.954	| 31	|
| SigmaI	| 1.000	| 0.500	| 0.667	| 2	|
| SigmaE	| 1.000	| 0.978	| 0.989	| 45	|
| EnumF	| 1.000	| 0.756	| 0.861	| 45	|
| IqF	| 1.000	| 0.500	| 0.667	| 2	|
| IqE	| 1.000	| 0.800	| 0.889	| 5	|

| micro	| 0.931	| 0.931	| 0.931	| 379	|
| macro	| 0.956	| 0.857	| 0.889	| 379	|
| w-avg	| 0.941	| 0.931	| 0.931	| 379	|

Confusion matrix: 
|	| Var	| Con	| PiE	| PiF	| TypeF	| SigmaF	| PiI	| SigmaI	| SigmaE	| EnumF	| IqF	| IqE	|
| Var	| 45	| 0	| 0	| 0	| 0	| 0	| 0	| 0	| 0	| 0	| 0	| 1	|
| Con	| 0	| 43	| 0	| 0	| 0	| 0	| 0	| 0	| 0	| 1	| 1	| 0	|
| PiE	| 0	| 1	| 43	| 0	| 0	| 1	| 0	| 0	| 0	| 0	| 0	| 0	|
| PiF	| 0	| 1	| 0	| 40	| 0	| 1	| 0	| 0	| 0	| 1	| 0	| 0	|
| TypeF	| 0	| 0	| 0	| 0	| 24	| 0	| 0	| 0	| 0	| 0	| 0	| 0	|
| SigmaF	| 0	| 0	| 1	| 5	| 0	| 43	| 0	| 0	| 0	| 9	| 0	| 0	|
| PiI	| 0	| 0	| 1	| 0	| 0	| 0	| 31	| 1	| 1	| 0	| 0	| 0	|
| SigmaI	| 0	| 0	| 0	| 0	| 0	| 0	| 0	| 1	| 0	| 0	| 0	| 0	|
| SigmaE	| 0	| 0	| 0	| 0	| 0	| 0	| 0	| 0	| 44	| 0	| 0	| 0	|
| EnumF	| 0	| 0	| 0	| 0	| 0	| 0	| 0	| 0	| 0	| 34	| 0	| 0	|
| IqF	| 0	| 0	| 0	| 0	| 0	| 0	| 0	| 0	| 0	| 0	| 1	| 0	|
| IqE	| 0	| 0	| 0	| 0	| 0	| 0	| 0	| 0	| 0	| 0	| 0	| 4	|

