Scores:
|	| Prec 	| Rec 	| F1 	| Supp 	|
| Var	| 1.000	| 0.978	| 0.989	| 45	|
| Con	| 0.978	| 0.978	| 0.978	| 45	|
| PiF	| 0.977	| 0.956	| 0.966	| 45	|
| TypeF	| 1.000	| 1.000	| 1.000	| 24	|
| SigmaF	| 0.957	| 0.978	| 0.967	| 45	|
| PiI	| 0.909	| 0.968	| 0.937	| 31	|
| PiE	| 0.978	| 1.000	| 0.989	| 45	|
| EnumF	| 0.978	| 1.000	| 0.989	| 45	|
| SigmaI	| 1.000	| 0.500	| 0.667	| 2	|
| SigmaE	| 1.000	| 0.978	| 0.989	| 45	|
| IqF	| 1.000	| 1.000	| 1.000	| 2	|
| IqE	| 1.000	| 0.800	| 0.889	| 5	|

| micro	| 0.976	| 0.976	| 0.976	| 379	|
| macro	| 0.981	| 0.928	| 0.947	| 379	|
| w-avg	| 0.977	| 0.976	| 0.976	| 379	|

Confusion matrix: 
|	| Var	| Con	| PiF	| TypeF	| SigmaF	| PiI	| PiE	| EnumF	| SigmaI	| SigmaE	| IqF	| IqE	|
| Var	| 44	| 0	| 0	| 0	| 0	| 0	| 0	| 0	| 0	| 0	| 0	| 0	|
| Con	| 1	| 44	| 0	| 0	| 0	| 0	| 0	| 0	| 0	| 0	| 0	| 0	|
| PiF	| 0	| 1	| 43	| 0	| 0	| 0	| 0	| 0	| 0	| 0	| 0	| 0	|
| TypeF	| 0	| 0	| 0	| 24	| 0	| 0	| 0	| 0	| 0	| 0	| 0	| 0	|
| SigmaF	| 0	| 0	| 2	| 0	| 44	| 0	| 0	| 0	| 0	| 0	| 0	| 0	|
| PiI	| 0	| 0	| 0	| 0	| 0	| 30	| 0	| 0	| 1	| 1	| 0	| 1	|
| PiE	| 0	| 0	| 0	| 0	| 0	| 1	| 45	| 0	| 0	| 0	| 0	| 0	|
| EnumF	| 0	| 0	| 0	| 0	| 1	| 0	| 0	| 45	| 0	| 0	| 0	| 0	|
| SigmaI	| 0	| 0	| 0	| 0	| 0	| 0	| 0	| 0	| 1	| 0	| 0	| 0	|
| SigmaE	| 0	| 0	| 0	| 0	| 0	| 0	| 0	| 0	| 0	| 44	| 0	| 0	|
| IqF	| 0	| 0	| 0	| 0	| 0	| 0	| 0	| 0	| 0	| 0	| 2	| 0	|
| IqE	| 0	| 0	| 0	| 0	| 0	| 0	| 0	| 0	| 0	| 0	| 0	| 4	|

