Scores:
|	| Prec 	| Rec 	| F1 	| Supp 	|
| Var	| 0.977	| 0.933	| 0.955	| 45	|
| Con	| 0.935	| 0.956	| 0.945	| 45	|
| EnumF	| 0.978	| 1.000	| 0.989	| 45	|
| PiE	| 0.953	| 0.911	| 0.932	| 45	|
| TypeF	| 1.000	| 1.000	| 1.000	| 24	|
| PiF	| 1.000	| 0.933	| 0.966	| 45	|
| SigmaF	| 0.882	| 1.000	| 0.938	| 45	|
| PiI	| 1.000	| 1.000	| 1.000	| 31	|
| SigmaI	| 1.000	| 0.000	| 0.000	| 2	|
| IqE	| 0.833	| 1.000	| 0.909	| 5	|
| SigmaE	| 1.000	| 1.000	| 1.000	| 45	|
| IqF	| 1.000	| 1.000	| 1.000	| 2	|

| micro	| 0.963	| 0.963	| 0.963	| 379	|
| macro	| 0.963	| 0.894	| 0.886	| 379	|
| w-avg	| 0.965	| 0.963	| 0.961	| 379	|

Confusion matrix: 
|	| Var	| Con	| EnumF	| PiE	| TypeF	| PiF	| SigmaF	| PiI	| SigmaI	| IqE	| SigmaE	| IqF	|
| Var	| 42	| 0	| 0	| 0	| 0	| 0	| 0	| 0	| 1	| 0	| 0	| 0	|
| Con	| 2	| 43	| 0	| 1	| 0	| 0	| 0	| 0	| 0	| 0	| 0	| 0	|
| EnumF	| 1	| 0	| 45	| 0	| 0	| 0	| 0	| 0	| 0	| 0	| 0	| 0	|
| PiE	| 0	| 2	| 0	| 41	| 0	| 0	| 0	| 0	| 0	| 0	| 0	| 0	|
| TypeF	| 0	| 0	| 0	| 0	| 24	| 0	| 0	| 0	| 0	| 0	| 0	| 0	|
| PiF	| 0	| 0	| 0	| 0	| 0	| 42	| 0	| 0	| 0	| 0	| 0	| 0	|
| SigmaF	| 0	| 0	| 0	| 3	| 0	| 3	| 45	| 0	| 0	| 0	| 0	| 0	|
| PiI	| 0	| 0	| 0	| 0	| 0	| 0	| 0	| 31	| 0	| 0	| 0	| 0	|
| SigmaI	| 0	| 0	| 0	| 0	| 0	| 0	| 0	| 0	| 0	| 0	| 0	| 0	|
| IqE	| 0	| 0	| 0	| 0	| 0	| 0	| 0	| 0	| 1	| 5	| 0	| 0	|
| SigmaE	| 0	| 0	| 0	| 0	| 0	| 0	| 0	| 0	| 0	| 0	| 45	| 0	|
| IqF	| 0	| 0	| 0	| 0	| 0	| 0	| 0	| 0	| 0	| 0	| 0	| 2	|

