Scores:
|	| Prec 	| Rec 	| F1 	| Supp 	|
| Var	| 0.896	| 0.956	| 0.925	| 45	|
| PiF	| 0.957	| 1.000	| 0.978	| 45	|
| Con	| 0.936	| 0.978	| 0.957	| 45	|
| TypeF	| 1.000	| 1.000	| 1.000	| 24	|
| PiI	| 0.968	| 0.968	| 0.968	| 31	|
| PiE	| 1.000	| 0.956	| 0.977	| 45	|
| SigmaF	| 0.936	| 0.978	| 0.957	| 45	|
| EnumF	| 0.977	| 0.933	| 0.955	| 45	|
| SigmaI	| 1.000	| 0.000	| 0.000	| 2	|
| SigmaE	| 1.000	| 0.956	| 0.977	| 45	|
| IqF	| 1.000	| 0.500	| 0.667	| 2	|
| IqE	| 1.000	| 1.000	| 1.000	| 5	|

| micro	| 0.960	| 0.960	| 0.960	| 379	|
| macro	| 0.973	| 0.852	| 0.863	| 379	|
| w-avg	| 0.962	| 0.960	| 0.958	| 379	|

Confusion matrix: 
|	| Var	| PiF	| Con	| TypeF	| PiI	| PiE	| SigmaF	| EnumF	| SigmaI	| SigmaE	| IqF	| IqE	|
| Var	| 43	| 0	| 1	| 0	| 1	| 0	| 0	| 0	| 1	| 2	| 0	| 0	|
| PiF	| 1	| 45	| 0	| 0	| 0	| 0	| 0	| 1	| 0	| 0	| 0	| 0	|
| Con	| 1	| 0	| 44	| 0	| 0	| 1	| 0	| 0	| 0	| 0	| 1	| 0	|
| TypeF	| 0	| 0	| 0	| 24	| 0	| 0	| 0	| 0	| 0	| 0	| 0	| 0	|
| PiI	| 0	| 0	| 0	| 0	| 30	| 1	| 0	| 0	| 0	| 0	| 0	| 0	|
| PiE	| 0	| 0	| 0	| 0	| 0	| 43	| 0	| 0	| 0	| 0	| 0	| 0	|
| SigmaF	| 0	| 0	| 0	| 0	| 0	| 0	| 44	| 2	| 1	| 0	| 0	| 0	|
| EnumF	| 0	| 0	| 0	| 0	| 0	| 0	| 1	| 42	| 0	| 0	| 0	| 0	|
| SigmaI	| 0	| 0	| 0	| 0	| 0	| 0	| 0	| 0	| 0	| 0	| 0	| 0	|
| SigmaE	| 0	| 0	| 0	| 0	| 0	| 0	| 0	| 0	| 0	| 43	| 0	| 0	|
| IqF	| 0	| 0	| 0	| 0	| 0	| 0	| 0	| 0	| 0	| 0	| 1	| 0	|
| IqE	| 0	| 0	| 0	| 0	| 0	| 0	| 0	| 0	| 0	| 0	| 0	| 5	|

