Scores:
|	| Prec 	| Rec 	| F1 	| Supp 	|
| Var	| 0.977	| 0.933	| 0.955	| 45	|
| SigmaF	| 0.843	| 0.956	| 0.896	| 45	|
| IqE	| 0.833	| 1.000	| 0.909	| 5	|
| PiE	| 0.913	| 0.933	| 0.923	| 45	|
| Con	| 0.978	| 1.000	| 0.989	| 45	|
| TypeF	| 1.000	| 1.000	| 1.000	| 24	|
| PiF	| 0.977	| 0.956	| 0.966	| 45	|
| PiI	| 0.969	| 1.000	| 0.984	| 31	|
| SigmaI	| 1.000	| 0.500	| 0.667	| 2	|
| SigmaE	| 1.000	| 1.000	| 1.000	| 45	|
| EnumF	| 0.975	| 0.867	| 0.918	| 45	|
| IqF	| 1.000	| 0.500	| 0.667	| 2	|

| micro	| 0.953	| 0.953	| 0.953	| 379	|
| macro	| 0.955	| 0.887	| 0.906	| 379	|
| w-avg	| 0.955	| 0.953	| 0.952	| 379	|

Confusion matrix: 
|	| Var	| SigmaF	| IqE	| PiE	| Con	| TypeF	| PiF	| PiI	| SigmaI	| SigmaE	| EnumF	| IqF	|
| Var	| 42	| 0	| 0	| 0	| 0	| 0	| 0	| 0	| 1	| 0	| 0	| 0	|
| SigmaF	| 1	| 43	| 0	| 2	| 0	| 0	| 1	| 0	| 0	| 0	| 4	| 0	|
| IqE	| 1	| 0	| 5	| 0	| 0	| 0	| 0	| 0	| 0	| 0	| 0	| 0	|
| PiE	| 1	| 2	| 0	| 42	| 0	| 0	| 1	| 0	| 0	| 0	| 0	| 0	|
| Con	| 0	| 0	| 0	| 0	| 45	| 0	| 0	| 0	| 0	| 0	| 1	| 0	|
| TypeF	| 0	| 0	| 0	| 0	| 0	| 24	| 0	| 0	| 0	| 0	| 0	| 0	|
| PiF	| 0	| 0	| 0	| 0	| 0	| 0	| 43	| 0	| 0	| 0	| 1	| 0	|
| PiI	| 0	| 0	| 0	| 1	| 0	| 0	| 0	| 31	| 0	| 0	| 0	| 0	|
| SigmaI	| 0	| 0	| 0	| 0	| 0	| 0	| 0	| 0	| 1	| 0	| 0	| 0	|
| SigmaE	| 0	| 0	| 0	| 0	| 0	| 0	| 0	| 0	| 0	| 45	| 0	| 0	|
| EnumF	| 0	| 0	| 0	| 0	| 0	| 0	| 0	| 0	| 0	| 0	| 39	| 1	|
| IqF	| 0	| 0	| 0	| 0	| 0	| 0	| 0	| 0	| 0	| 0	| 0	| 1	|

