Scores:
|	| Prec 	| Rec 	| F1 	| Supp 	|
| SigmaE	| 0.977	| 0.956	| 0.966	| 45	|
| Var	| 1.000	| 0.933	| 0.966	| 45	|
| Con	| 0.865	| 1.000	| 0.928	| 45	|
| TypeF	| 1.000	| 1.000	| 1.000	| 24	|
| PiF	| 0.900	| 1.000	| 0.947	| 45	|
| PiI	| 0.882	| 0.968	| 0.923	| 31	|
| PiE	| 1.000	| 0.844	| 0.916	| 45	|
| SigmaF	| 0.875	| 0.933	| 0.903	| 45	|
| SigmaI	| 1.000	| 0.000	| 0.000	| 2	|
| EnumF	| 1.000	| 0.911	| 0.953	| 45	|
| IqF	| 1.000	| 0.500	| 0.667	| 2	|
| IqE	| 1.000	| 1.000	| 1.000	| 5	|

| micro	| 0.939	| 0.939	| 0.939	| 379	|
| macro	| 0.958	| 0.837	| 0.847	| 379	|
| w-avg	| 0.945	| 0.939	| 0.937	| 379	|

Confusion matrix: 
|	| SigmaE	| Var	| Con	| TypeF	| PiF	| PiI	| PiE	| SigmaF	| SigmaI	| EnumF	| IqF	| IqE	|
| SigmaE	| 43	| 1	| 0	| 0	| 0	| 0	| 0	| 0	| 0	| 0	| 0	| 0	|
| Var	| 0	| 42	| 0	| 0	| 0	| 0	| 0	| 0	| 0	| 0	| 0	| 0	|
| Con	| 1	| 2	| 45	| 0	| 0	| 1	| 1	| 0	| 1	| 0	| 1	| 0	|
| TypeF	| 0	| 0	| 0	| 24	| 0	| 0	| 0	| 0	| 0	| 0	| 0	| 0	|
| PiF	| 0	| 0	| 0	| 0	| 45	| 0	| 0	| 3	| 0	| 2	| 0	| 0	|
| PiI	| 1	| 0	| 0	| 0	| 0	| 30	| 3	| 0	| 0	| 0	| 0	| 0	|
| PiE	| 0	| 0	| 0	| 0	| 0	| 0	| 38	| 0	| 0	| 0	| 0	| 0	|
| SigmaF	| 0	| 0	| 0	| 0	| 0	| 0	| 3	| 42	| 1	| 2	| 0	| 0	|
| SigmaI	| 0	| 0	| 0	| 0	| 0	| 0	| 0	| 0	| 0	| 0	| 0	| 0	|
| EnumF	| 0	| 0	| 0	| 0	| 0	| 0	| 0	| 0	| 0	| 41	| 0	| 0	|
| IqF	| 0	| 0	| 0	| 0	| 0	| 0	| 0	| 0	| 0	| 0	| 1	| 0	|
| IqE	| 0	| 0	| 0	| 0	| 0	| 0	| 0	| 0	| 0	| 0	| 0	| 5	|

