Scores:
|	| Prec 	| Rec 	| F1 	| Supp 	|
| SigmaE	| 0.592	| 1.000	| 0.744	| 45	|
| Var	| 0.889	| 0.356	| 0.508	| 45	|
| Con	| 0.947	| 0.800	| 0.867	| 45	|
| PiE	| 0.862	| 0.556	| 0.676	| 45	|
| PiI	| 0.521	| 0.893	| 0.658	| 28	|
| SigmaI	| 1.000	| 0.000	| 0.000	| 1	|

| micro	| 0.703	| 0.703	| 0.703	| 209	|
| macro	| 0.802	| 0.601	| 0.575	| 209	|
| w-avg	| 0.783	| 0.703	| 0.690	| 209	|

Confusion matrix: 
|	| SigmaE	| Var	| Con	| PiE	| PiI	| SigmaI	|
| SigmaE	| 45	| 29	| 2	| 0	| 0	| 0	|
| Var	| 0	| 16	| 1	| 0	| 0	| 1	|
| Con	| 0	| 0	| 36	| 2	| 0	| 0	|
| PiE	| 0	| 0	| 1	| 25	| 3	| 0	|
| PiI	| 0	| 0	| 5	| 18	| 25	| 0	|
| SigmaI	| 0	| 0	| 0	| 0	| 0	| 0	|

