Scores:
|	| Prec 	| Rec 	| F1 	| Supp 	|
| SigmaE	| 0.513	| 0.889	| 0.650	| 45	|
| Var	| 0.706	| 0.267	| 0.387	| 45	|
| PiE	| 0.630	| 0.756	| 0.687	| 45	|
| Con	| 0.809	| 0.844	| 0.826	| 45	|
| PiI	| 0.800	| 0.387	| 0.522	| 31	|
| EnumE	| 0.833	| 1.000	| 0.909	| 5	|
| SigmaI	| 1.000	| 0.500	| 0.667	| 2	|

| micro	| 0.651	| 0.651	| 0.651	| 218	|
| macro	| 0.756	| 0.663	| 0.664	| 218	|
| w-avg	| 0.690	| 0.651	| 0.628	| 218	|

Confusion matrix: 
|	| SigmaE	| Var	| PiE	| Con	| PiI	| EnumE	| SigmaI	|
| SigmaE	| 40	| 33	| 0	| 2	| 2	| 0	| 1	|
| Var	| 4	| 12	| 0	| 1	| 0	| 0	| 0	|
| PiE	| 0	| 0	| 34	| 4	| 16	| 0	| 0	|
| Con	| 1	| 0	| 8	| 38	| 0	| 0	| 0	|
| PiI	| 0	| 0	| 3	| 0	| 12	| 0	| 0	|
| EnumE	| 0	| 0	| 0	| 0	| 1	| 5	| 0	|
| SigmaI	| 0	| 0	| 0	| 0	| 0	| 0	| 1	|

