Scores:
|	| Prec 	| Rec 	| F1 	| Supp 	|
| SigmaE	| 0.548	| 0.889	| 0.678	| 45	|
| Var	| 0.696	| 0.356	| 0.471	| 45	|
| IqE	| 0.833	| 1.000	| 0.909	| 5	|
| PiI	| 0.617	| 0.935	| 0.744	| 31	|
| PiF	| 0.612	| 0.667	| 0.638	| 45	|
| Con	| 0.848	| 0.622	| 0.718	| 45	|
| TypeF	| 0.727	| 0.333	| 0.457	| 24	|
| SigmaF	| 0.333	| 0.333	| 0.333	| 45	|
| EnumF	| 0.386	| 0.711	| 0.500	| 45	|
| PiE	| 0.500	| 0.089	| 0.151	| 45	|
| SigmaI	| 1.000	| 0.500	| 0.667	| 2	|
| IqF	| 1.000	| 0.000	| 0.000	| 2	|

| micro	| 0.549	| 0.549	| 0.549	| 379	|
| macro	| 0.675	| 0.536	| 0.522	| 379	|
| w-avg	| 0.584	| 0.549	| 0.520	| 379	|

Confusion matrix: 
|	| SigmaE	| Var	| IqE	| PiI	| PiF	| Con	| TypeF	| SigmaF	| EnumF	| PiE	| SigmaI	| IqF	|
| SigmaE	| 40	| 26	| 0	| 0	| 0	| 7	| 0	| 0	| 0	| 0	| 0	| 0	|
| Var	| 5	| 16	| 0	| 0	| 0	| 1	| 0	| 0	| 0	| 0	| 1	| 0	|
| IqE	| 0	| 1	| 5	| 0	| 0	| 0	| 0	| 0	| 0	| 0	| 0	| 0	|
| PiI	| 0	| 1	| 0	| 29	| 0	| 7	| 0	| 0	| 0	| 10	| 0	| 0	|
| PiF	| 0	| 1	| 0	| 0	| 30	| 2	| 16	| 0	| 0	| 0	| 0	| 0	|
| Con	| 0	| 0	| 0	| 0	| 0	| 28	| 0	| 0	| 0	| 5	| 0	| 0	|
| TypeF	| 0	| 0	| 0	| 0	| 3	| 0	| 8	| 0	| 0	| 0	| 0	| 0	|
| SigmaF	| 0	| 0	| 0	| 0	| 9	| 0	| 0	| 15	| 13	| 8	| 0	| 0	|
| EnumF	| 0	| 0	| 0	| 0	| 3	| 0	| 0	| 28	| 32	| 18	| 0	| 2	|
| PiE	| 0	| 0	| 0	| 2	| 0	| 0	| 0	| 2	| 0	| 4	| 0	| 0	|
| SigmaI	| 0	| 0	| 0	| 0	| 0	| 0	| 0	| 0	| 0	| 0	| 1	| 0	|
| IqF	| 0	| 0	| 0	| 0	| 0	| 0	| 0	| 0	| 0	| 0	| 0	| 0	|

