Scores:
|	| Prec 	| Rec 	| F1 	| Supp 	|
| SigmaE	| 0.579	| 0.978	| 0.727	| 45	|
| Var	| 0.833	| 0.333	| 0.476	| 45	|
| PiE	| 0.923	| 0.533	| 0.676	| 45	|
| Con	| 0.875	| 0.778	| 0.824	| 45	|
| PiI	| 0.571	| 1.000	| 0.727	| 28	|
| SigmaI	| 1.000	| 0.000	| 0.000	| 1	|

| micro	| 0.699	| 0.699	| 0.699	| 209	|
| macro	| 0.797	| 0.604	| 0.572	| 209	|
| w-avg	| 0.773	| 0.699	| 0.679	| 209	|

Confusion matrix: 
|	| SigmaE	| Var	| PiE	| Con	| PiI	| SigmaI	|
| SigmaE	| 44	| 29	| 0	| 3	| 0	| 0	|
| Var	| 1	| 15	| 0	| 1	| 0	| 1	|
| PiE	| 0	| 1	| 24	| 1	| 0	| 0	|
| Con	| 0	| 0	| 5	| 35	| 0	| 0	|
| PiI	| 0	| 0	| 16	| 5	| 28	| 0	|
| SigmaI	| 0	| 0	| 0	| 0	| 0	| 0	|

