Scores:
|	| Prec 	| Rec 	| F1 	| Supp 	|
| SigmaE	| 0.694	| 0.756	| 0.723	| 45	|
| Var	| 0.638	| 0.667	| 0.652	| 45	|
| PiF	| 0.610	| 0.556	| 0.581	| 45	|
| Con	| 0.731	| 0.844	| 0.784	| 45	|
| PiI	| 0.846	| 0.710	| 0.772	| 31	|
| TypeF	| 0.667	| 0.417	| 0.513	| 24	|
| SigmaF	| 0.320	| 0.356	| 0.337	| 45	|
| EnumF	| 0.343	| 0.511	| 0.411	| 45	|
| PiE	| 0.444	| 0.267	| 0.333	| 45	|
| SigmaI	| 1.000	| 0.000	| 0.000	| 2	|
| IqF	| 1.000	| 0.000	| 0.000	| 2	|
| IqE	| 1.000	| 1.000	| 1.000	| 5	|

| micro	| 0.567	| 0.567	| 0.567	| 379	|
| macro	| 0.691	| 0.507	| 0.509	| 379	|
| w-avg	| 0.584	| 0.567	| 0.563	| 379	|

Confusion matrix: 
|	| SigmaE	| Var	| PiF	| Con	| PiI	| TypeF	| SigmaF	| EnumF	| PiE	| SigmaI	| IqF	| IqE	|
| SigmaE	| 34	| 13	| 0	| 2	| 0	| 0	| 0	| 0	| 0	| 0	| 0	| 0	|
| Var	| 11	| 30	| 0	| 3	| 1	| 0	| 0	| 0	| 0	| 2	| 0	| 0	|
| PiF	| 0	| 1	| 25	| 1	| 0	| 14	| 0	| 0	| 0	| 0	| 0	| 0	|
| Con	| 0	| 1	| 0	| 38	| 1	| 0	| 0	| 0	| 12	| 0	| 0	| 0	|
| PiI	| 0	| 0	| 0	| 1	| 22	| 0	| 0	| 0	| 3	| 0	| 0	| 0	|
| TypeF	| 0	| 0	| 5	| 0	| 0	| 10	| 0	| 0	| 0	| 0	| 0	| 0	|
| SigmaF	| 0	| 0	| 5	| 0	| 0	| 0	| 16	| 18	| 10	| 0	| 1	| 0	|
| EnumF	| 0	| 0	| 10	| 0	| 0	| 0	| 25	| 23	| 8	| 0	| 1	| 0	|
| PiE	| 0	| 0	| 0	| 0	| 7	| 0	| 4	| 4	| 12	| 0	| 0	| 0	|
| SigmaI	| 0	| 0	| 0	| 0	| 0	| 0	| 0	| 0	| 0	| 0	| 0	| 0	|
| IqF	| 0	| 0	| 0	| 0	| 0	| 0	| 0	| 0	| 0	| 0	| 0	| 0	|
| IqE	| 0	| 0	| 0	| 0	| 0	| 0	| 0	| 0	| 0	| 0	| 0	| 5	|

