Scores:
|	| Prec 	| Rec 	| F1 	| Supp 	|
| SigmaE	| 0.508	| 0.711	| 0.593	| 45	|
| Var	| 0.538	| 0.467	| 0.500	| 45	|
| PiI	| 0.581	| 0.806	| 0.676	| 31	|
| Con	| 0.839	| 0.578	| 0.684	| 45	|
| PiE	| 0.838	| 0.689	| 0.756	| 45	|
| SigmaI	| 1.000	| 0.000	| 0.000	| 2	|
| EnumE	| 1.000	| 1.000	| 1.000	| 5	|

| micro	| 0.642	| 0.642	| 0.642	| 218	|
| macro	| 0.758	| 0.607	| 0.601	| 218	|
| w-avg	| 0.677	| 0.642	| 0.642	| 218	|

Confusion matrix: 
|	| SigmaE	| Var	| PiI	| Con	| PiE	| SigmaI	| EnumE	|
| SigmaE	| 32	| 23	| 0	| 8	| 0	| 0	| 0	|
| Var	| 13	| 21	| 0	| 4	| 0	| 1	| 0	|
| PiI	| 0	| 1	| 25	| 7	| 9	| 1	| 0	|
| Con	| 0	| 0	| 0	| 26	| 5	| 0	| 0	|
| PiE	| 0	| 0	| 6	| 0	| 31	| 0	| 0	|
| SigmaI	| 0	| 0	| 0	| 0	| 0	| 0	| 0	|
| EnumE	| 0	| 0	| 0	| 0	| 0	| 0	| 5	|

