Scores:
|	| Prec 	| Rec 	| F1 	| Supp 	|
| SigmaE	| 0.550	| 0.978	| 0.704	| 45	|
| Var	| 0.875	| 0.311	| 0.459	| 45	|
| Con	| 0.921	| 0.778	| 0.843	| 45	|
| PiE	| 0.592	| 0.933	| 0.724	| 45	|
| PiI	| 1.000	| 0.143	| 0.250	| 28	|
| SigmaI	| 1.000	| 0.000	| 0.000	| 1	|

| micro	| 0.665	| 0.665	| 0.665	| 209	|
| macro	| 0.823	| 0.524	| 0.497	| 209	|
| w-avg	| 0.771	| 0.665	| 0.621	| 209	|

Confusion matrix: 
|	| SigmaE	| Var	| Con	| PiE	| PiI	| SigmaI	|
| SigmaE	| 44	| 31	| 5	| 0	| 0	| 0	|
| Var	| 1	| 14	| 0	| 0	| 0	| 1	|
| Con	| 0	| 0	| 35	| 3	| 0	| 0	|
| PiE	| 0	| 0	| 5	| 42	| 24	| 0	|
| PiI	| 0	| 0	| 0	| 0	| 4	| 0	|
| SigmaI	| 0	| 0	| 0	| 0	| 0	| 0	|

