Scores:
|	| Prec 	| Rec 	| F1 	| Supp 	|
| SigmaE	| 0.541	| 0.733	| 0.623	| 45	|
| Var	| 0.600	| 0.467	| 0.525	| 45	|
| PiE	| 0.653	| 0.711	| 0.681	| 45	|
| Con	| 0.941	| 0.711	| 0.810	| 45	|
| PiI	| 0.576	| 0.613	| 0.594	| 31	|
| SigmaI	| 1.000	| 0.000	| 0.000	| 2	|
| EnumE	| 0.833	| 1.000	| 0.909	| 5	|

| micro	| 0.651	| 0.651	| 0.651	| 218	|
| macro	| 0.735	| 0.605	| 0.592	| 218	|
| w-avg	| 0.675	| 0.651	| 0.650	| 218	|

Confusion matrix: 
|	| SigmaE	| Var	| PiE	| Con	| PiI	| SigmaI	| EnumE	|
| SigmaE	| 33	| 23	| 0	| 3	| 1	| 1	| 0	|
| Var	| 10	| 21	| 0	| 3	| 0	| 1	| 0	|
| PiE	| 0	| 1	| 32	| 5	| 11	| 0	| 0	|
| Con	| 0	| 0	| 2	| 32	| 0	| 0	| 0	|
| PiI	| 1	| 0	| 11	| 2	| 19	| 0	| 0	|
| SigmaI	| 0	| 0	| 0	| 0	| 0	| 0	| 0	|
| EnumE	| 1	| 0	| 0	| 0	| 0	| 0	| 5	|

