Scores:
|	| Prec 	| Rec 	| F1 	| Supp 	|
| SigmaF	| 0.161	| 0.489	| 0.242	| 45	|
| Var	| 1.000	| 0.000	| 0.000	| 45	|
| PiF	| 0.160	| 0.844	| 0.270	| 45	|
| Con	| 0.000	| 0.000	| 0.000	| 45	|
| TypeF	| 1.000	| 0.000	| 0.000	| 24	|
| PiI	| 1.000	| 0.000	| 0.000	| 31	|
| PiE	| 1.000	| 0.000	| 0.000	| 45	|
| SigmaI	| 1.000	| 0.000	| 0.000	| 1	|
| SigmaE	| 1.000	| 0.000	| 0.000	| 45	|
| EnumF	| 1.000	| 0.000	| 0.000	| 45	|
| IqF	| 1.000	| 0.000	| 0.000	| 1	|
| IqE	| 1.000	| 0.000	| 0.000	| 4	|

| micro	| 0.160	| 0.160	| 0.160	| 376	|
| macro	| 0.777	| 0.111	| 0.043	| 376	|
| w-avg	| 0.679	| 0.160	| 0.061	| 376	|

Confusion matrix: 
|	| SigmaF	| Var	| PiF	| Con	| TypeF	| PiI	| PiE	| SigmaI	| SigmaE	| EnumF	| IqF	| IqE	|
| SigmaF	| 22	| 16	| 6	| 24	| 8	| 10	| 23	| 0	| 15	| 12	| 1	| 0	|
| Var	| 0	| 0	| 0	| 0	| 0	| 0	| 0	| 0	| 0	| 0	| 0	| 0	|
| PiF	| 23	| 29	| 38	| 21	| 16	| 20	| 22	| 1	| 30	| 33	| 0	| 4	|
| Con	| 0	| 0	| 1	| 0	| 0	| 1	| 0	| 0	| 0	| 0	| 0	| 0	|
| TypeF	| 0	| 0	| 0	| 0	| 0	| 0	| 0	| 0	| 0	| 0	| 0	| 0	|
| PiI	| 0	| 0	| 0	| 0	| 0	| 0	| 0	| 0	| 0	| 0	| 0	| 0	|
| PiE	| 0	| 0	| 0	| 0	| 0	| 0	| 0	| 0	| 0	| 0	| 0	| 0	|
| SigmaI	| 0	| 0	| 0	| 0	| 0	| 0	| 0	| 0	| 0	| 0	| 0	| 0	|
| SigmaE	| 0	| 0	| 0	| 0	| 0	| 0	| 0	| 0	| 0	| 0	| 0	| 0	|
| EnumF	| 0	| 0	| 0	| 0	| 0	| 0	| 0	| 0	| 0	| 0	| 0	| 0	|
| IqF	| 0	| 0	| 0	| 0	| 0	| 0	| 0	| 0	| 0	| 0	| 0	| 0	|
| IqE	| 0	| 0	| 0	| 0	| 0	| 0	| 0	| 0	| 0	| 0	| 0	| 0	|

