Scores:
|	| Prec 	| Rec 	| F1 	| Supp 	|
| TypeF	| 0.200	| 0.083	| 0.118	| 24	|
| Var	| 1.000	| 0.000	| 0.000	| 45	|
| Con	| 0.219	| 0.467	| 0.298	| 45	|
| EnumF	| 0.083	| 0.044	| 0.058	| 45	|
| PiF	| 0.151	| 0.778	| 0.253	| 45	|
| SigmaE	| 0.312	| 0.111	| 0.164	| 45	|
| PiI	| 1.000	| 0.000	| 0.000	| 31	|
| PiE	| 1.000	| 0.000	| 0.000	| 45	|
| SigmaF	| 1.000	| 0.000	| 0.000	| 45	|
| SigmaI	| 1.000	| 0.000	| 0.000	| 2	|
| IqF	| 1.000	| 0.000	| 0.000	| 2	|
| IqE	| 1.000	| 0.000	| 0.000	| 4	|

| micro	| 0.172	| 0.172	| 0.172	| 378	|
| macro	| 0.664	| 0.124	| 0.074	| 378	|
| w-avg	| 0.564	| 0.172	| 0.099	| 378	|

Confusion matrix: 
|	| TypeF	| Var	| Con	| EnumF	| PiF	| SigmaE	| PiI	| PiE	| SigmaF	| SigmaI	| IqF	| IqE	|
| TypeF	| 2	| 2	| 1	| 1	| 1	| 0	| 1	| 1	| 1	| 0	| 0	| 0	|
| Var	| 0	| 0	| 0	| 0	| 0	| 0	| 0	| 0	| 0	| 0	| 0	| 0	|
| Con	| 6	| 17	| 21	| 12	| 5	| 8	| 9	| 8	| 10	| 0	| 0	| 0	|
| EnumF	| 3	| 3	| 2	| 2	| 4	| 3	| 1	| 6	| 0	| 0	| 0	| 0	|
| PiF	| 13	| 21	| 19	| 28	| 35	| 29	| 20	| 26	| 33	| 2	| 2	| 4	|
| SigmaE	| 0	| 2	| 2	| 2	| 0	| 5	| 0	| 4	| 1	| 0	| 0	| 0	|
| PiI	| 0	| 0	| 0	| 0	| 0	| 0	| 0	| 0	| 0	| 0	| 0	| 0	|
| PiE	| 0	| 0	| 0	| 0	| 0	| 0	| 0	| 0	| 0	| 0	| 0	| 0	|
| SigmaF	| 0	| 0	| 0	| 0	| 0	| 0	| 0	| 0	| 0	| 0	| 0	| 0	|
| SigmaI	| 0	| 0	| 0	| 0	| 0	| 0	| 0	| 0	| 0	| 0	| 0	| 0	|
| IqF	| 0	| 0	| 0	| 0	| 0	| 0	| 0	| 0	| 0	| 0	| 0	| 0	|
| IqE	| 0	| 0	| 0	| 0	| 0	| 0	| 0	| 0	| 0	| 0	| 0	| 0	|

