Scores:
|	| Prec 	| Rec 	| F1 	| Supp 	|
| Var	| 0.957	| 0.978	| 0.967	| 90	|
| Con	| 0.968	| 1.000	| 0.984	| 90	|
| IqE	| 0.750	| 1.000	| 0.857	| 9	|
| TypeF	| 1.000	| 1.000	| 1.000	| 48	|
| PiF	| 0.977	| 0.933	| 0.955	| 90	|
| PiE	| 0.922	| 0.922	| 0.922	| 90	|
| SigmaF	| 0.915	| 0.956	| 0.935	| 90	|
| PiI	| 0.968	| 0.968	| 0.968	| 62	|
| SigmaI	| 1.000	| 0.000	| 0.000	| 3	|
| SigmaE	| 0.977	| 0.956	| 0.966	| 90	|
| EnumF	| 1.000	| 1.000	| 1.000	| 90	|
| IqF	| 1.000	| 0.000	| 0.000	| 3	|

| micro	| 0.959	| 0.959	| 0.959	| 755	|
| macro	| 0.953	| 0.809	| 0.796	| 755	|
| w-avg	| 0.960	| 0.959	| 0.955	| 755	|

Confusion matrix: 
|	| Var	| Con	| IqE	| TypeF	| PiF	| PiE	| SigmaF	| PiI	| SigmaI	| SigmaE	| EnumF	| IqF	|
| Var	| 88	| 0	| 0	| 0	| 0	| 0	| 0	| 1	| 2	| 1	| 0	| 0	|
| Con	| 1	| 90	| 0	| 0	| 0	| 1	| 0	| 0	| 0	| 1	| 0	| 0	|
| IqE	| 1	| 0	| 9	| 0	| 0	| 1	| 0	| 0	| 0	| 1	| 0	| 0	|
| TypeF	| 0	| 0	| 0	| 48	| 0	| 0	| 0	| 0	| 0	| 0	| 0	| 0	|
| PiF	| 0	| 0	| 0	| 0	| 84	| 0	| 2	| 0	| 0	| 0	| 0	| 0	|
| PiE	| 0	| 0	| 0	| 0	| 1	| 83	| 2	| 1	| 1	| 1	| 0	| 1	|
| SigmaF	| 0	| 0	| 0	| 0	| 5	| 3	| 86	| 0	| 0	| 0	| 0	| 0	|
| PiI	| 0	| 0	| 0	| 0	| 0	| 2	| 0	| 60	| 0	| 0	| 0	| 0	|
| SigmaI	| 0	| 0	| 0	| 0	| 0	| 0	| 0	| 0	| 0	| 0	| 0	| 0	|
| SigmaE	| 0	| 0	| 0	| 0	| 0	| 0	| 0	| 0	| 0	| 86	| 0	| 2	|
| EnumF	| 0	| 0	| 0	| 0	| 0	| 0	| 0	| 0	| 0	| 0	| 90	| 0	|
| IqF	| 0	| 0	| 0	| 0	| 0	| 0	| 0	| 0	| 0	| 0	| 0	| 0	|

