Scores:
|	| Prec 	| Rec 	| F1 	| Supp 	|
| SigmaE	| 0.138	| 0.644	| 0.227	| 45	|
| Var	| 0.172	| 0.222	| 0.194	| 45	|
| TypeF	| 0.191	| 0.375	| 0.254	| 24	|
| Con	| 0.167	| 0.044	| 0.070	| 45	|
| PiE	| 0.068	| 0.067	| 0.067	| 45	|
| PiF	| 0.400	| 0.044	| 0.080	| 45	|
| PiI	| 1.000	| 0.000	| 0.000	| 31	|
| SigmaF	| 1.000	| 0.000	| 0.000	| 45	|
| SigmaI	| 1.000	| 0.000	| 0.000	| 1	|
| EnumF	| 1.000	| 0.000	| 0.000	| 45	|
| IqF	| 1.000	| 0.000	| 0.000	| 1	|
| IqE	| 1.000	| 0.000	| 0.000	| 4	|

| micro	| 0.146	| 0.146	| 0.146	| 376	|
| macro	| 0.595	| 0.116	| 0.074	| 376	|
| w-avg	| 0.463	| 0.146	| 0.093	| 376	|

Confusion matrix: 
|	| SigmaE	| Var	| TypeF	| Con	| PiE	| PiF	| PiI	| SigmaF	| SigmaI	| EnumF	| IqF	| IqE	|
| SigmaE	| 29	| 23	| 8	| 23	| 28	| 27	| 18	| 20	| 1	| 28	| 1	| 4	|
| Var	| 4	| 10	| 6	| 5	| 6	| 7	| 5	| 10	| 0	| 5	| 0	| 0	|
| TypeF	| 7	| 5	| 9	| 5	| 5	| 5	| 4	| 2	| 0	| 5	| 0	| 0	|
| Con	| 2	| 2	| 0	| 2	| 2	| 0	| 0	| 2	| 0	| 2	| 0	| 0	|
| PiE	| 3	| 5	| 1	| 9	| 3	| 4	| 4	| 11	| 0	| 4	| 0	| 0	|
| PiF	| 0	| 0	| 0	| 1	| 1	| 2	| 0	| 0	| 0	| 1	| 0	| 0	|
| PiI	| 0	| 0	| 0	| 0	| 0	| 0	| 0	| 0	| 0	| 0	| 0	| 0	|
| SigmaF	| 0	| 0	| 0	| 0	| 0	| 0	| 0	| 0	| 0	| 0	| 0	| 0	|
| SigmaI	| 0	| 0	| 0	| 0	| 0	| 0	| 0	| 0	| 0	| 0	| 0	| 0	|
| EnumF	| 0	| 0	| 0	| 0	| 0	| 0	| 0	| 0	| 0	| 0	| 0	| 0	|
| IqF	| 0	| 0	| 0	| 0	| 0	| 0	| 0	| 0	| 0	| 0	| 0	| 0	|
| IqE	| 0	| 0	| 0	| 0	| 0	| 0	| 0	| 0	| 0	| 0	| 0	| 0	|

