Scores:
|	| Prec 	| Rec 	| F1 	| Supp 	|
| Var	| 0.128	| 0.133	| 0.130	| 45	|
| SigmaE	| 0.273	| 0.200	| 0.231	| 45	|
| PiF	| 0.159	| 0.889	| 0.269	| 45	|
| PiE	| 0.091	| 0.089	| 0.090	| 45	|
| Con	| 1.000	| 0.000	| 0.000	| 45	|
| TypeF	| 1.000	| 0.000	| 0.000	| 24	|
| PiI	| 1.000	| 0.000	| 0.000	| 31	|
| SigmaF	| 1.000	| 0.000	| 0.000	| 45	|
| SigmaI	| 1.000	| 0.000	| 0.000	| 1	|
| EnumF	| 1.000	| 0.000	| 0.000	| 45	|
| IqF	| 1.000	| 0.000	| 0.000	| 1	|
| IqE	| 1.000	| 0.000	| 0.000	| 4	|

| micro	| 0.157	| 0.157	| 0.157	| 376	|
| macro	| 0.721	| 0.109	| 0.060	| 376	|
| w-avg	| 0.599	| 0.157	| 0.086	| 376	|

Confusion matrix: 
|	| Var	| SigmaE	| PiF	| PiE	| Con	| TypeF	| PiI	| SigmaF	| SigmaI	| EnumF	| IqF	| IqE	|
| Var	| 6	| 5	| 1	| 11	| 11	| 0	| 2	| 4	| 0	| 7	| 0	| 0	|
| SigmaE	| 6	| 9	| 1	| 4	| 4	| 0	| 2	| 5	| 0	| 2	| 0	| 0	|
| PiF	| 23	| 28	| 40	| 26	| 24	| 23	| 21	| 30	| 1	| 31	| 1	| 4	|
| PiE	| 10	| 3	| 3	| 4	| 6	| 1	| 6	| 6	| 0	| 5	| 0	| 0	|
| Con	| 0	| 0	| 0	| 0	| 0	| 0	| 0	| 0	| 0	| 0	| 0	| 0	|
| TypeF	| 0	| 0	| 0	| 0	| 0	| 0	| 0	| 0	| 0	| 0	| 0	| 0	|
| PiI	| 0	| 0	| 0	| 0	| 0	| 0	| 0	| 0	| 0	| 0	| 0	| 0	|
| SigmaF	| 0	| 0	| 0	| 0	| 0	| 0	| 0	| 0	| 0	| 0	| 0	| 0	|
| SigmaI	| 0	| 0	| 0	| 0	| 0	| 0	| 0	| 0	| 0	| 0	| 0	| 0	|
| EnumF	| 0	| 0	| 0	| 0	| 0	| 0	| 0	| 0	| 0	| 0	| 0	| 0	|
| IqF	| 0	| 0	| 0	| 0	| 0	| 0	| 0	| 0	| 0	| 0	| 0	| 0	|
| IqE	| 0	| 0	| 0	| 0	| 0	| 0	| 0	| 0	| 0	| 0	| 0	| 0	|

