Scores:
|	| Prec 	| Rec 	| F1 	| Supp 	|
| SigmaF	| 0.128	| 0.111	| 0.119	| 45	|
| Var	| 1.000	| 0.000	| 0.000	| 45	|
| SigmaE	| 0.151	| 0.733	| 0.250	| 45	|
| PiE	| 0.136	| 0.200	| 0.162	| 45	|
| Con	| 0.250	| 0.044	| 0.075	| 45	|
| PiF	| 0.149	| 0.156	| 0.152	| 45	|
| TypeF	| 1.000	| 0.000	| 0.000	| 24	|
| PiI	| 1.000	| 0.000	| 0.000	| 31	|
| SigmaI	| 1.000	| 0.000	| 0.000	| 2	|
| EnumF	| 1.000	| 0.000	| 0.000	| 45	|
| IqF	| 1.000	| 0.000	| 0.000	| 2	|
| IqE	| 1.000	| 0.000	| 0.000	| 5	|

| micro	| 0.148	| 0.148	| 0.148	| 379	|
| macro	| 0.651	| 0.104	| 0.063	| 379	|
| w-avg	| 0.503	| 0.148	| 0.090	| 379	|

Confusion matrix: 
|	| SigmaF	| Var	| SigmaE	| PiE	| Con	| PiF	| TypeF	| PiI	| SigmaI	| EnumF	| IqF	| IqE	|
| SigmaF	| 5	| 3	| 2	| 6	| 4	| 4	| 3	| 4	| 0	| 8	| 0	| 0	|
| Var	| 0	| 0	| 0	| 0	| 0	| 0	| 0	| 0	| 0	| 0	| 0	| 0	|
| SigmaE	| 23	| 28	| 33	| 21	| 25	| 32	| 11	| 14	| 2	| 23	| 2	| 5	|
| PiE	| 13	| 8	| 5	| 9	| 12	| 2	| 3	| 8	| 0	| 6	| 0	| 0	|
| Con	| 1	| 2	| 1	| 2	| 2	| 0	| 0	| 0	| 0	| 0	| 0	| 0	|
| PiF	| 3	| 4	| 4	| 7	| 2	| 7	| 7	| 5	| 0	| 8	| 0	| 0	|
| TypeF	| 0	| 0	| 0	| 0	| 0	| 0	| 0	| 0	| 0	| 0	| 0	| 0	|
| PiI	| 0	| 0	| 0	| 0	| 0	| 0	| 0	| 0	| 0	| 0	| 0	| 0	|
| SigmaI	| 0	| 0	| 0	| 0	| 0	| 0	| 0	| 0	| 0	| 0	| 0	| 0	|
| EnumF	| 0	| 0	| 0	| 0	| 0	| 0	| 0	| 0	| 0	| 0	| 0	| 0	|
| IqF	| 0	| 0	| 0	| 0	| 0	| 0	| 0	| 0	| 0	| 0	| 0	| 0	|
| IqE	| 0	| 0	| 0	| 0	| 0	| 0	| 0	| 0	| 0	| 0	| 0	| 0	|

