Scores:
|	| Prec 	| Rec 	| F1 	| Supp 	|
| Con	| 0.133	| 0.133	| 0.133	| 45	|
| Var	| 1.000	| 0.000	| 0.000	| 45	|
| PiF	| 0.140	| 0.822	| 0.239	| 45	|
| SigmaE	| 0.381	| 0.178	| 0.242	| 45	|
| SigmaF	| 0.188	| 0.200	| 0.194	| 45	|
| TypeF	| 1.000	| 0.000	| 0.000	| 24	|
| PiI	| 1.000	| 0.000	| 0.000	| 31	|
| PiE	| 1.000	| 0.000	| 0.000	| 45	|
| SigmaI	| 1.000	| 0.000	| 0.000	| 2	|
| EnumF	| 1.000	| 0.000	| 0.000	| 45	|
| IqF	| 1.000	| 0.000	| 0.000	| 2	|
| IqE	| 1.000	| 0.000	| 0.000	| 4	|

| micro	| 0.159	| 0.159	| 0.159	| 378	|
| macro	| 0.737	| 0.111	| 0.067	| 378	|
| w-avg	| 0.624	| 0.159	| 0.096	| 378	|

Confusion matrix: 
|	| Con	| Var	| PiF	| SigmaE	| SigmaF	| TypeF	| PiI	| PiE	| SigmaI	| EnumF	| IqF	| IqE	|
| Con	| 6	| 5	| 4	| 4	| 7	| 2	| 6	| 5	| 0	| 5	| 1	| 0	|
| Var	| 0	| 0	| 0	| 0	| 0	| 0	| 0	| 0	| 0	| 0	| 0	| 0	|
| PiF	| 27	| 31	| 37	| 31	| 27	| 22	| 21	| 29	| 2	| 32	| 1	| 4	|
| SigmaE	| 3	| 3	| 0	| 8	| 2	| 0	| 0	| 3	| 0	| 2	| 0	| 0	|
| SigmaF	| 9	| 6	| 4	| 2	| 9	| 0	| 4	| 8	| 0	| 6	| 0	| 0	|
| TypeF	| 0	| 0	| 0	| 0	| 0	| 0	| 0	| 0	| 0	| 0	| 0	| 0	|
| PiI	| 0	| 0	| 0	| 0	| 0	| 0	| 0	| 0	| 0	| 0	| 0	| 0	|
| PiE	| 0	| 0	| 0	| 0	| 0	| 0	| 0	| 0	| 0	| 0	| 0	| 0	|
| SigmaI	| 0	| 0	| 0	| 0	| 0	| 0	| 0	| 0	| 0	| 0	| 0	| 0	|
| EnumF	| 0	| 0	| 0	| 0	| 0	| 0	| 0	| 0	| 0	| 0	| 0	| 0	|
| IqF	| 0	| 0	| 0	| 0	| 0	| 0	| 0	| 0	| 0	| 0	| 0	| 0	|
| IqE	| 0	| 0	| 0	| 0	| 0	| 0	| 0	| 0	| 0	| 0	| 0	| 0	|

