Scores:
|	| Prec 	| Rec 	| F1 	| Supp 	|
| Var	| 0.347	| 1.000	| 0.515	| 35	|
| PiE	| 1.000	| 0.000	| 0.000	| 18	|
| Con	| 1.000	| 0.000	| 0.000	| 16	|
| PiF	| 1.000	| 0.000	| 0.000	| 14	|
| SigmaE	| 1.000	| 0.000	| 0.000	| 3	|
| PiI	| 1.000	| 0.000	| 0.000	| 4	|
| IqE	| 1.000	| 0.000	| 0.000	| 9	|
| SigmaF	| 1.000	| 0.000	| 0.000	| 1	|
| SigmaI	| 1.000	| 0.000	| 0.000	| 1	|

| micro	| 0.347	| 0.347	| 0.347	| 101	|
| macro	| 0.927	| 0.111	| 0.057	| 101	|
| w-avg	| 0.774	| 0.347	| 0.178	| 101	|

Confusion matrix: 
|	| Var	| PiE	| Con	| PiF	| SigmaE	| PiI	| IqE	| SigmaF	| SigmaI	|
| Var	| 35	| 18	| 16	| 14	| 3	| 4	| 9	| 1	| 1	|
| PiE	| 0	| 0	| 0	| 0	| 0	| 0	| 0	| 0	| 0	|
| Con	| 0	| 0	| 0	| 0	| 0	| 0	| 0	| 0	| 0	|
| PiF	| 0	| 0	| 0	| 0	| 0	| 0	| 0	| 0	| 0	|
| SigmaE	| 0	| 0	| 0	| 0	| 0	| 0	| 0	| 0	| 0	|
| PiI	| 0	| 0	| 0	| 0	| 0	| 0	| 0	| 0	| 0	|
| IqE	| 0	| 0	| 0	| 0	| 0	| 0	| 0	| 0	| 0	|
| SigmaF	| 0	| 0	| 0	| 0	| 0	| 0	| 0	| 0	| 0	|
| SigmaI	| 0	| 0	| 0	| 0	| 0	| 0	| 0	| 0	| 0	|

