Scores:
|	| Prec 	| Rec 	| F1 	| Supp 	|
| Var	| 0.239	| 0.552	| 0.333	| 29	|
| IqE	| 1.000	| 0.000	| 0.000	| 6	|
| PiF	| 0.077	| 0.059	| 0.067	| 17	|
| PiI	| 1.000	| 0.000	| 0.000	| 5	|
| SigmaE	| 0.167	| 0.111	| 0.133	| 9	|
| Con	| 1.000	| 0.000	| 0.000	| 17	|
| PiE	| 0.333	| 0.200	| 0.250	| 15	|
| SigmaI	| 0.000	| 0.000	| 0.000	| 2	|
| SigmaF	| 1.000	| 0.000	| 0.000	| 1	|

| micro	| 0.208	| 0.208	| 0.208	| 101	|
| macro	| 0.535	| 0.102	| 0.087	| 101	|
| w-avg	| 0.433	| 0.208	| 0.156	| 101	|

Confusion matrix: 
|	| Var	| IqE	| PiF	| PiI	| SigmaE	| Con	| PiE	| SigmaI	| SigmaF	|
| Var	| 16	| 2	| 15	| 4	| 6	| 14	| 9	| 0	| 1	|
| IqE	| 0	| 0	| 0	| 0	| 0	| 0	| 0	| 0	| 0	|
| PiF	| 5	| 1	| 1	| 1	| 2	| 0	| 2	| 1	| 0	|
| PiI	| 0	| 0	| 0	| 0	| 0	| 0	| 0	| 0	| 0	|
| SigmaE	| 4	| 0	| 0	| 0	| 1	| 0	| 0	| 1	| 0	|
| Con	| 0	| 0	| 0	| 0	| 0	| 0	| 0	| 0	| 0	|
| PiE	| 2	| 3	| 0	| 0	| 0	| 1	| 3	| 0	| 0	|
| SigmaI	| 2	| 0	| 1	| 0	| 0	| 2	| 1	| 0	| 0	|
| SigmaF	| 0	| 0	| 0	| 0	| 0	| 0	| 0	| 0	| 0	|

