Scores:
|	| Prec 	| Rec 	| F1 	| Supp 	|
| Con	| 0.160	| 0.556	| 0.249	| 45	|
| Var	| 0.135	| 0.622	| 0.222	| 45	|
| PiF	| 0.154	| 0.044	| 0.069	| 45	|
| TypeF	| 1.000	| 0.000	| 0.000	| 24	|
| PiI	| 1.000	| 0.000	| 0.000	| 31	|
| PiE	| 1.000	| 0.000	| 0.000	| 45	|
| SigmaF	| 1.000	| 0.000	| 0.000	| 45	|
| SigmaI	| 1.000	| 0.000	| 0.000	| 1	|
| SigmaE	| 1.000	| 0.000	| 0.000	| 45	|
| EnumF	| 1.000	| 0.000	| 0.000	| 45	|
| IqF	| 1.000	| 0.000	| 0.000	| 1	|
| IqE	| 1.000	| 0.000	| 0.000	| 4	|

| micro	| 0.146	| 0.146	| 0.146	| 376	|
| macro	| 0.787	| 0.102	| 0.045	| 376	|
| w-avg	| 0.695	| 0.146	| 0.065	| 376	|

Confusion matrix: 
|	| Con	| Var	| PiF	| TypeF	| PiI	| PiE	| SigmaF	| SigmaI	| SigmaE	| EnumF	| IqF	| IqE	|
| Con	| 25	| 17	| 21	| 13	| 13	| 16	| 18	| 0	| 9	| 23	| 1	| 0	|
| Var	| 19	| 28	| 22	| 6	| 17	| 28	| 26	| 1	| 36	| 20	| 0	| 4	|
| PiF	| 1	| 0	| 2	| 5	| 1	| 1	| 1	| 0	| 0	| 2	| 0	| 0	|
| TypeF	| 0	| 0	| 0	| 0	| 0	| 0	| 0	| 0	| 0	| 0	| 0	| 0	|
| PiI	| 0	| 0	| 0	| 0	| 0	| 0	| 0	| 0	| 0	| 0	| 0	| 0	|
| PiE	| 0	| 0	| 0	| 0	| 0	| 0	| 0	| 0	| 0	| 0	| 0	| 0	|
| SigmaF	| 0	| 0	| 0	| 0	| 0	| 0	| 0	| 0	| 0	| 0	| 0	| 0	|
| SigmaI	| 0	| 0	| 0	| 0	| 0	| 0	| 0	| 0	| 0	| 0	| 0	| 0	|
| SigmaE	| 0	| 0	| 0	| 0	| 0	| 0	| 0	| 0	| 0	| 0	| 0	| 0	|
| EnumF	| 0	| 0	| 0	| 0	| 0	| 0	| 0	| 0	| 0	| 0	| 0	| 0	|
| IqF	| 0	| 0	| 0	| 0	| 0	| 0	| 0	| 0	| 0	| 0	| 0	| 0	|
| IqE	| 0	| 0	| 0	| 0	| 0	| 0	| 0	| 0	| 0	| 0	| 0	| 0	|

