Scores:
|	| Prec 	| Rec 	| F1 	| Supp 	|
| EnumF	| 0.136	| 0.178	| 0.154	| 45	|
| Var	| 0.119	| 0.644	| 0.201	| 45	|
| PiF	| 0.176	| 0.200	| 0.188	| 45	|
| SigmaE	| 0.533	| 0.178	| 0.267	| 45	|
| Con	| 0.429	| 0.067	| 0.115	| 45	|
| TypeF	| 1.000	| 0.000	| 0.000	| 24	|
| PiI	| 1.000	| 0.000	| 0.000	| 31	|
| PiE	| 1.000	| 0.000	| 0.000	| 45	|
| SigmaF	| 1.000	| 0.000	| 0.000	| 45	|
| SigmaI	| 1.000	| 0.000	| 0.000	| 1	|
| IqF	| 1.000	| 0.000	| 0.000	| 1	|
| IqE	| 1.000	| 0.000	| 0.000	| 4	|

| micro	| 0.152	| 0.152	| 0.152	| 376	|
| macro	| 0.699	| 0.106	| 0.077	| 376	|
| w-avg	| 0.568	| 0.152	| 0.111	| 376	|

Confusion matrix: 
|	| EnumF	| Var	| PiF	| SigmaE	| Con	| TypeF	| PiI	| PiE	| SigmaF	| SigmaI	| IqF	| IqE	|
| EnumF	| 8	| 9	| 7	| 5	| 6	| 5	| 4	| 11	| 4	| 0	| 0	| 0	|
| Var	| 31	| 29	| 29	| 27	| 27	| 14	| 21	| 29	| 31	| 1	| 1	| 4	|
| PiF	| 5	| 6	| 9	| 4	| 9	| 5	| 5	| 3	| 5	| 0	| 0	| 0	|
| SigmaE	| 1	| 1	| 0	| 8	| 0	| 0	| 1	| 1	| 3	| 0	| 0	| 0	|
| Con	| 0	| 0	| 0	| 1	| 3	| 0	| 0	| 1	| 2	| 0	| 0	| 0	|
| TypeF	| 0	| 0	| 0	| 0	| 0	| 0	| 0	| 0	| 0	| 0	| 0	| 0	|
| PiI	| 0	| 0	| 0	| 0	| 0	| 0	| 0	| 0	| 0	| 0	| 0	| 0	|
| PiE	| 0	| 0	| 0	| 0	| 0	| 0	| 0	| 0	| 0	| 0	| 0	| 0	|
| SigmaF	| 0	| 0	| 0	| 0	| 0	| 0	| 0	| 0	| 0	| 0	| 0	| 0	|
| SigmaI	| 0	| 0	| 0	| 0	| 0	| 0	| 0	| 0	| 0	| 0	| 0	| 0	|
| IqF	| 0	| 0	| 0	| 0	| 0	| 0	| 0	| 0	| 0	| 0	| 0	| 0	|
| IqE	| 0	| 0	| 0	| 0	| 0	| 0	| 0	| 0	| 0	| 0	| 0	| 0	|

