Scores:
|	| Prec 	| Rec 	| F1 	| Supp 	|
| Var	| 0.977	| 0.956	| 0.966	| 45	|
| Con	| 0.977	| 0.956	| 0.966	| 45	|
| PiI	| 0.935	| 0.935	| 0.935	| 31	|
| PiF	| 0.875	| 0.933	| 0.903	| 45	|
| TypeF	| 1.000	| 0.917	| 0.957	| 24	|
| SigmaF	| 0.915	| 0.956	| 0.935	| 45	|
| PiE	| 0.956	| 0.956	| 0.956	| 45	|
| IqE	| 0.833	| 1.000	| 0.909	| 5	|
| SigmaE	| 0.978	| 1.000	| 0.989	| 45	|
| SigmaI	| 1.000	| 0.000	| 0.000	| 2	|
| EnumF	| 1.000	| 0.978	| 0.989	| 45	|
| IqF	| 1.000	| 1.000	| 1.000	| 2	|

| micro	| 0.953	| 0.953	| 0.953	| 379	|
| macro	| 0.954	| 0.882	| 0.875	| 379	|
| w-avg	| 0.954	| 0.953	| 0.950	| 379	|

Confusion matrix: 
|	| Var	| Con	| PiI	| PiF	| TypeF	| SigmaF	| PiE	| IqE	| SigmaE	| SigmaI	| EnumF	| IqF	|
| Var	| 43	| 0	| 0	| 0	| 0	| 0	| 0	| 0	| 0	| 1	| 0	| 0	|
| Con	| 1	| 43	| 0	| 0	| 0	| 0	| 0	| 0	| 0	| 0	| 0	| 0	|
| PiI	| 1	| 0	| 29	| 0	| 0	| 0	| 1	| 0	| 0	| 0	| 0	| 0	|
| PiF	| 0	| 2	| 0	| 42	| 2	| 1	| 0	| 0	| 0	| 0	| 1	| 0	|
| TypeF	| 0	| 0	| 0	| 0	| 22	| 0	| 0	| 0	| 0	| 0	| 0	| 0	|
| SigmaF	| 0	| 0	| 0	| 3	| 0	| 43	| 1	| 0	| 0	| 0	| 0	| 0	|
| PiE	| 0	| 0	| 1	| 0	| 0	| 1	| 43	| 0	| 0	| 0	| 0	| 0	|
| IqE	| 0	| 0	| 1	| 0	| 0	| 0	| 0	| 5	| 0	| 0	| 0	| 0	|
| SigmaE	| 0	| 0	| 0	| 0	| 0	| 0	| 0	| 0	| 45	| 1	| 0	| 0	|
| SigmaI	| 0	| 0	| 0	| 0	| 0	| 0	| 0	| 0	| 0	| 0	| 0	| 0	|
| EnumF	| 0	| 0	| 0	| 0	| 0	| 0	| 0	| 0	| 0	| 0	| 44	| 0	|
| IqF	| 0	| 0	| 0	| 0	| 0	| 0	| 0	| 0	| 0	| 0	| 0	| 2	|

