Scores:
|	| Prec 	| Rec 	| F1 	| Supp 	|
| Var	| 0.947	| 0.989	| 0.967	| 90	|
| PiI	| 0.924	| 0.984	| 0.953	| 62	|
| Con	| 0.989	| 0.956	| 0.972	| 90	|
| TypeF	| 1.000	| 1.000	| 1.000	| 48	|
| PiF	| 1.000	| 0.878	| 0.935	| 90	|
| SigmaF	| 0.968	| 1.000	| 0.984	| 90	|
| EnumF	| 0.899	| 0.989	| 0.942	| 90	|
| IqE	| 0.818	| 1.000	| 0.900	| 9	|
| PiE	| 1.000	| 0.944	| 0.971	| 90	|
| SigmaI	| 1.000	| 0.000	| 0.000	| 3	|
| SigmaE	| 1.000	| 1.000	| 1.000	| 90	|
| IqF	| 1.000	| 1.000	| 1.000	| 3	|

| micro	| 0.966	| 0.966	| 0.966	| 755	|
| macro	| 0.962	| 0.895	| 0.885	| 755	|
| w-avg	| 0.968	| 0.966	| 0.964	| 755	|

Confusion matrix: 
|	| Var	| PiI	| Con	| TypeF	| PiF	| SigmaF	| EnumF	| IqE	| PiE	| SigmaI	| SigmaE	| IqF	|
| Var	| 89	| 0	| 3	| 0	| 0	| 0	| 0	| 0	| 0	| 2	| 0	| 0	|
| PiI	| 1	| 61	| 1	| 0	| 0	| 0	| 0	| 0	| 3	| 0	| 0	| 0	|
| Con	| 0	| 0	| 86	| 0	| 0	| 0	| 0	| 0	| 1	| 0	| 0	| 0	|
| TypeF	| 0	| 0	| 0	| 48	| 0	| 0	| 0	| 0	| 0	| 0	| 0	| 0	|
| PiF	| 0	| 0	| 0	| 0	| 79	| 0	| 0	| 0	| 0	| 0	| 0	| 0	|
| SigmaF	| 0	| 0	| 0	| 0	| 1	| 90	| 1	| 0	| 1	| 0	| 0	| 0	|
| EnumF	| 0	| 0	| 0	| 0	| 10	| 0	| 89	| 0	| 0	| 0	| 0	| 0	|
| IqE	| 0	| 1	| 0	| 0	| 0	| 0	| 0	| 9	| 0	| 1	| 0	| 0	|
| PiE	| 0	| 0	| 0	| 0	| 0	| 0	| 0	| 0	| 85	| 0	| 0	| 0	|
| SigmaI	| 0	| 0	| 0	| 0	| 0	| 0	| 0	| 0	| 0	| 0	| 0	| 0	|
| SigmaE	| 0	| 0	| 0	| 0	| 0	| 0	| 0	| 0	| 0	| 0	| 90	| 0	|
| IqF	| 0	| 0	| 0	| 0	| 0	| 0	| 0	| 0	| 0	| 0	| 0	| 3	|

