Scores:
|	| Prec 	| Rec 	| F1 	| Supp 	|
| SigmaE	| 0.149	| 0.733	| 0.247	| 45	|
| Var	| 1.000	| 0.000	| 0.000	| 45	|
| PiF	| 0.161	| 0.111	| 0.132	| 45	|
| PiE	| 0.101	| 0.200	| 0.134	| 45	|
| Con	| 0.172	| 0.111	| 0.135	| 45	|
| TypeF	| 0.375	| 0.125	| 0.188	| 24	|
| PiI	| 1.000	| 0.000	| 0.000	| 31	|
| SigmaF	| 1.000	| 0.000	| 0.000	| 45	|
| SigmaI	| 1.000	| 0.000	| 0.000	| 2	|
| EnumF	| 1.000	| 0.000	| 0.000	| 45	|
| IqF	| 1.000	| 0.000	| 0.000	| 2	|
| IqE	| 1.000	| 0.000	| 0.000	| 5	|

| micro	| 0.145	| 0.145	| 0.145	| 379	|
| macro	| 0.663	| 0.107	| 0.070	| 379	|
| w-avg	| 0.555	| 0.145	| 0.089	| 379	|

Confusion matrix: 
|	| SigmaE	| Var	| PiF	| PiE	| Con	| TypeF	| PiI	| SigmaF	| SigmaI	| EnumF	| IqF	| IqE	|
| SigmaE	| 33	| 27	| 30	| 28	| 22	| 8	| 16	| 24	| 2	| 25	| 2	| 5	|
| Var	| 0	| 0	| 0	| 0	| 0	| 0	| 0	| 0	| 0	| 0	| 0	| 0	|
| PiF	| 2	| 3	| 5	| 4	| 5	| 4	| 2	| 6	| 0	| 0	| 0	| 0	|
| PiE	| 6	| 14	| 8	| 9	| 13	| 5	| 9	| 10	| 0	| 15	| 0	| 0	|
| Con	| 4	| 1	| 1	| 4	| 5	| 4	| 2	| 4	| 0	| 4	| 0	| 0	|
| TypeF	| 0	| 0	| 1	| 0	| 0	| 3	| 2	| 1	| 0	| 1	| 0	| 0	|
| PiI	| 0	| 0	| 0	| 0	| 0	| 0	| 0	| 0	| 0	| 0	| 0	| 0	|
| SigmaF	| 0	| 0	| 0	| 0	| 0	| 0	| 0	| 0	| 0	| 0	| 0	| 0	|
| SigmaI	| 0	| 0	| 0	| 0	| 0	| 0	| 0	| 0	| 0	| 0	| 0	| 0	|
| EnumF	| 0	| 0	| 0	| 0	| 0	| 0	| 0	| 0	| 0	| 0	| 0	| 0	|
| IqF	| 0	| 0	| 0	| 0	| 0	| 0	| 0	| 0	| 0	| 0	| 0	| 0	|
| IqE	| 0	| 0	| 0	| 0	| 0	| 0	| 0	| 0	| 0	| 0	| 0	| 0	|

