Scores:
|	| Prec 	| Rec 	| F1 	| Supp 	|
| SigmaF	| 0.183	| 0.289	| 0.224	| 45	|
| Var	| 1.000	| 0.000	| 0.000	| 45	|
| PiF	| 0.155	| 0.867	| 0.263	| 45	|
| PiE	| 0.111	| 0.089	| 0.099	| 45	|
| SigmaE	| 0.353	| 0.133	| 0.194	| 45	|
| Con	| 1.000	| 0.000	| 0.000	| 45	|
| TypeF	| 1.000	| 0.000	| 0.000	| 24	|
| PiI	| 1.000	| 0.000	| 0.000	| 31	|
| SigmaI	| 1.000	| 0.000	| 0.000	| 1	|
| EnumF	| 1.000	| 0.000	| 0.000	| 45	|
| IqF	| 1.000	| 0.000	| 0.000	| 1	|
| IqE	| 1.000	| 0.000	| 0.000	| 4	|

| micro	| 0.165	| 0.165	| 0.165	| 376	|
| macro	| 0.733	| 0.115	| 0.065	| 376	|
| w-avg	| 0.617	| 0.165	| 0.093	| 376	|

Confusion matrix: 
|	| SigmaF	| Var	| PiF	| PiE	| SigmaE	| Con	| TypeF	| PiI	| SigmaI	| EnumF	| IqF	| IqE	|
| SigmaF	| 13	| 9	| 4	| 10	| 5	| 13	| 2	| 5	| 0	| 10	| 0	| 0	|
| Var	| 0	| 0	| 0	| 0	| 0	| 0	| 0	| 0	| 0	| 0	| 0	| 0	|
| PiF	| 23	| 26	| 39	| 30	| 31	| 28	| 19	| 21	| 1	| 30	| 0	| 4	|
| PiE	| 6	| 6	| 2	| 4	| 3	| 4	| 3	| 5	| 0	| 2	| 1	| 0	|
| SigmaE	| 3	| 4	| 0	| 1	| 6	| 0	| 0	| 0	| 0	| 3	| 0	| 0	|
| Con	| 0	| 0	| 0	| 0	| 0	| 0	| 0	| 0	| 0	| 0	| 0	| 0	|
| TypeF	| 0	| 0	| 0	| 0	| 0	| 0	| 0	| 0	| 0	| 0	| 0	| 0	|
| PiI	| 0	| 0	| 0	| 0	| 0	| 0	| 0	| 0	| 0	| 0	| 0	| 0	|
| SigmaI	| 0	| 0	| 0	| 0	| 0	| 0	| 0	| 0	| 0	| 0	| 0	| 0	|
| EnumF	| 0	| 0	| 0	| 0	| 0	| 0	| 0	| 0	| 0	| 0	| 0	| 0	|
| IqF	| 0	| 0	| 0	| 0	| 0	| 0	| 0	| 0	| 0	| 0	| 0	| 0	|
| IqE	| 0	| 0	| 0	| 0	| 0	| 0	| 0	| 0	| 0	| 0	| 0	| 0	|

