Scores:
|	| Prec 	| Rec 	| F1 	| Supp 	|
| PiE	| 0.078	| 0.178	| 0.108	| 45	|
| Var	| 1.000	| 0.000	| 0.000	| 45	|
| PiF	| 0.155	| 0.689	| 0.253	| 45	|
| Con	| 0.183	| 0.244	| 0.210	| 45	|
| EnumF	| 0.077	| 0.022	| 0.034	| 45	|
| TypeF	| 1.000	| 0.000	| 0.000	| 24	|
| PiI	| 1.000	| 0.000	| 0.000	| 31	|
| SigmaF	| 1.000	| 0.000	| 0.000	| 45	|
| SigmaI	| 1.000	| 0.000	| 0.000	| 1	|
| SigmaE	| 1.000	| 0.000	| 0.000	| 45	|
| IqF	| 1.000	| 0.000	| 0.000	| 1	|
| IqE	| 1.000	| 0.000	| 0.000	| 4	|

| micro	| 0.136	| 0.136	| 0.136	| 376	|
| macro	| 0.708	| 0.094	| 0.050	| 376	|
| w-avg	| 0.580	| 0.136	| 0.072	| 376	|

Confusion matrix: 
|	| PiE	| Var	| PiF	| Con	| EnumF	| TypeF	| PiI	| SigmaF	| SigmaI	| SigmaE	| IqF	| IqE	|
| PiE	| 8	| 15	| 9	| 14	| 14	| 11	| 13	| 10	| 0	| 9	| 0	| 0	|
| Var	| 0	| 0	| 0	| 0	| 0	| 0	| 0	| 0	| 0	| 0	| 0	| 0	|
| PiF	| 24	| 22	| 31	| 18	| 21	| 11	| 16	| 26	| 1	| 25	| 1	| 4	|
| Con	| 11	| 6	| 5	| 11	| 9	| 2	| 2	| 9	| 0	| 5	| 0	| 0	|
| EnumF	| 2	| 2	| 0	| 2	| 1	| 0	| 0	| 0	| 0	| 6	| 0	| 0	|
| TypeF	| 0	| 0	| 0	| 0	| 0	| 0	| 0	| 0	| 0	| 0	| 0	| 0	|
| PiI	| 0	| 0	| 0	| 0	| 0	| 0	| 0	| 0	| 0	| 0	| 0	| 0	|
| SigmaF	| 0	| 0	| 0	| 0	| 0	| 0	| 0	| 0	| 0	| 0	| 0	| 0	|
| SigmaI	| 0	| 0	| 0	| 0	| 0	| 0	| 0	| 0	| 0	| 0	| 0	| 0	|
| SigmaE	| 0	| 0	| 0	| 0	| 0	| 0	| 0	| 0	| 0	| 0	| 0	| 0	|
| IqF	| 0	| 0	| 0	| 0	| 0	| 0	| 0	| 0	| 0	| 0	| 0	| 0	|
| IqE	| 0	| 0	| 0	| 0	| 0	| 0	| 0	| 0	| 0	| 0	| 0	| 0	|

