Scores:
|	| Prec 	| Rec 	| F1 	| Supp 	|
| TypeF	| 0.091	| 0.250	| 0.133	| 24	|
| Var	| 1.000	| 0.000	| 0.000	| 45	|
| PiE	| 0.121	| 0.778	| 0.209	| 45	|
| SigmaE	| 0.300	| 0.133	| 0.185	| 45	|
| Con	| 1.000	| 0.000	| 0.000	| 45	|
| PiF	| 1.000	| 0.000	| 0.000	| 45	|
| PiI	| 1.000	| 0.000	| 0.000	| 31	|
| SigmaF	| 1.000	| 0.000	| 0.000	| 45	|
| SigmaI	| 1.000	| 0.000	| 0.000	| 1	|
| EnumF	| 1.000	| 0.000	| 0.000	| 45	|
| IqF	| 1.000	| 0.000	| 0.000	| 1	|
| IqE	| 1.000	| 0.000	| 0.000	| 4	|

| micro	| 0.125	| 0.125	| 0.125	| 376	|
| macro	| 0.793	| 0.097	| 0.044	| 376	|
| w-avg	| 0.753	| 0.125	| 0.056	| 376	|

Confusion matrix: 
|	| TypeF	| Var	| PiE	| SigmaE	| Con	| PiF	| PiI	| SigmaF	| SigmaI	| EnumF	| IqF	| IqE	|
| TypeF	| 6	| 8	| 7	| 5	| 9	| 11	| 5	| 9	| 0	| 6	| 0	| 0	|
| Var	| 0	| 0	| 0	| 0	| 0	| 0	| 0	| 0	| 0	| 0	| 0	| 0	|
| PiE	| 18	| 35	| 35	| 34	| 35	| 34	| 25	| 33	| 1	| 35	| 1	| 4	|
| SigmaE	| 0	| 2	| 3	| 6	| 1	| 0	| 1	| 3	| 0	| 4	| 0	| 0	|
| Con	| 0	| 0	| 0	| 0	| 0	| 0	| 0	| 0	| 0	| 0	| 0	| 0	|
| PiF	| 0	| 0	| 0	| 0	| 0	| 0	| 0	| 0	| 0	| 0	| 0	| 0	|
| PiI	| 0	| 0	| 0	| 0	| 0	| 0	| 0	| 0	| 0	| 0	| 0	| 0	|
| SigmaF	| 0	| 0	| 0	| 0	| 0	| 0	| 0	| 0	| 0	| 0	| 0	| 0	|
| SigmaI	| 0	| 0	| 0	| 0	| 0	| 0	| 0	| 0	| 0	| 0	| 0	| 0	|
| EnumF	| 0	| 0	| 0	| 0	| 0	| 0	| 0	| 0	| 0	| 0	| 0	| 0	|
| IqF	| 0	| 0	| 0	| 0	| 0	| 0	| 0	| 0	| 0	| 0	| 0	| 0	|
| IqE	| 0	| 0	| 0	| 0	| 0	| 0	| 0	| 0	| 0	| 0	| 0	| 0	|

