Scores:
|	| Prec 	| Rec 	| F1 	| Supp 	|
| PiE	| 0.179	| 0.156	| 0.167	| 45	|
| Var	| 1.000	| 0.000	| 0.000	| 45	|
| PiF	| 0.137	| 0.800	| 0.234	| 45	|
| EnumF	| 0.154	| 0.133	| 0.143	| 45	|
| SigmaE	| 0.280	| 0.156	| 0.200	| 45	|
| SigmaF	| 0.154	| 0.044	| 0.069	| 45	|
| Con	| 1.000	| 0.000	| 0.000	| 45	|
| TypeF	| 1.000	| 0.000	| 0.000	| 24	|
| PiI	| 1.000	| 0.000	| 0.000	| 31	|
| SigmaI	| 1.000	| 0.000	| 0.000	| 2	|
| IqF	| 1.000	| 0.000	| 0.000	| 2	|
| IqE	| 1.000	| 0.000	| 0.000	| 5	|

| micro	| 0.153	| 0.153	| 0.153	| 379	|
| macro	| 0.659	| 0.107	| 0.068	| 379	|
| w-avg	| 0.514	| 0.153	| 0.096	| 379	|

Confusion matrix: 
|	| PiE	| Var	| PiF	| EnumF	| SigmaE	| SigmaF	| Con	| TypeF	| PiI	| SigmaI	| IqF	| IqE	|
| PiE	| 7	| 3	| 3	| 5	| 1	| 7	| 3	| 5	| 5	| 0	| 0	| 0	|
| Var	| 0	| 0	| 0	| 0	| 0	| 0	| 0	| 0	| 0	| 0	| 0	| 0	|
| PiF	| 30	| 37	| 36	| 29	| 28	| 25	| 28	| 18	| 23	| 2	| 2	| 5	|
| EnumF	| 6	| 3	| 4	| 6	| 7	| 5	| 4	| 1	| 3	| 0	| 0	| 0	|
| SigmaE	| 2	| 1	| 1	| 2	| 7	| 6	| 6	| 0	| 0	| 0	| 0	| 0	|
| SigmaF	| 0	| 1	| 1	| 3	| 2	| 2	| 4	| 0	| 0	| 0	| 0	| 0	|
| Con	| 0	| 0	| 0	| 0	| 0	| 0	| 0	| 0	| 0	| 0	| 0	| 0	|
| TypeF	| 0	| 0	| 0	| 0	| 0	| 0	| 0	| 0	| 0	| 0	| 0	| 0	|
| PiI	| 0	| 0	| 0	| 0	| 0	| 0	| 0	| 0	| 0	| 0	| 0	| 0	|
| SigmaI	| 0	| 0	| 0	| 0	| 0	| 0	| 0	| 0	| 0	| 0	| 0	| 0	|
| IqF	| 0	| 0	| 0	| 0	| 0	| 0	| 0	| 0	| 0	| 0	| 0	| 0	|
| IqE	| 0	| 0	| 0	| 0	| 0	| 0	| 0	| 0	| 0	| 0	| 0	| 0	|

