Scores:
|	| Prec 	| Rec 	| F1 	| Supp 	|
| Var	| 0.106	| 0.444	| 0.172	| 45	|
| PiE	| 0.108	| 0.222	| 0.145	| 45	|
| TypeF	| 0.111	| 0.208	| 0.145	| 24	|
| PiF	| 0.167	| 0.067	| 0.095	| 45	|
| SigmaE	| 0.235	| 0.089	| 0.129	| 45	|
| Con	| 0.200	| 0.067	| 0.100	| 45	|
| PiI	| 1.000	| 0.000	| 0.000	| 31	|
| SigmaF	| 1.000	| 0.000	| 0.000	| 45	|
| SigmaI	| 1.000	| 0.000	| 0.000	| 1	|
| EnumF	| 1.000	| 0.000	| 0.000	| 45	|
| IqF	| 1.000	| 0.000	| 0.000	| 1	|
| IqE	| 1.000	| 0.000	| 0.000	| 4	|

| micro	| 0.120	| 0.120	| 0.120	| 376	|
| macro	| 0.577	| 0.091	| 0.065	| 376	|
| w-avg	| 0.443	| 0.120	| 0.086	| 376	|

Confusion matrix: 
|	| Var	| PiE	| TypeF	| PiF	| SigmaE	| Con	| PiI	| SigmaF	| SigmaI	| EnumF	| IqF	| IqE	|
| Var	| 20	| 27	| 7	| 28	| 26	| 25	| 18	| 16	| 1	| 15	| 1	| 4	|
| PiE	| 14	| 10	| 8	| 4	| 8	| 12	| 8	| 11	| 0	| 18	| 0	| 0	|
| TypeF	| 6	| 4	| 5	| 10	| 5	| 4	| 1	| 5	| 0	| 5	| 0	| 0	|
| PiF	| 2	| 0	| 4	| 3	| 1	| 0	| 4	| 3	| 0	| 1	| 0	| 0	|
| SigmaE	| 2	| 3	| 0	| 0	| 4	| 1	| 0	| 5	| 0	| 2	| 0	| 0	|
| Con	| 1	| 1	| 0	| 0	| 1	| 3	| 0	| 5	| 0	| 4	| 0	| 0	|
| PiI	| 0	| 0	| 0	| 0	| 0	| 0	| 0	| 0	| 0	| 0	| 0	| 0	|
| SigmaF	| 0	| 0	| 0	| 0	| 0	| 0	| 0	| 0	| 0	| 0	| 0	| 0	|
| SigmaI	| 0	| 0	| 0	| 0	| 0	| 0	| 0	| 0	| 0	| 0	| 0	| 0	|
| EnumF	| 0	| 0	| 0	| 0	| 0	| 0	| 0	| 0	| 0	| 0	| 0	| 0	|
| IqF	| 0	| 0	| 0	| 0	| 0	| 0	| 0	| 0	| 0	| 0	| 0	| 0	|
| IqE	| 0	| 0	| 0	| 0	| 0	| 0	| 0	| 0	| 0	| 0	| 0	| 0	|

