Scores:
|	| Prec 	| Rec 	| F1 	| Supp 	|
| SigmaE	| 0.240	| 0.133	| 0.171	| 45	|
| Var	| 0.129	| 0.200	| 0.157	| 45	|
| PiE	| 0.113	| 0.578	| 0.189	| 45	|
| EnumF	| 0.118	| 0.133	| 0.125	| 45	|
| Con	| 1.000	| 0.000	| 0.000	| 45	|
| TypeF	| 1.000	| 0.000	| 0.000	| 24	|
| PiF	| 1.000	| 0.000	| 0.000	| 45	|
| PiI	| 1.000	| 0.000	| 0.000	| 31	|
| SigmaF	| 1.000	| 0.000	| 0.000	| 45	|
| SigmaI	| 1.000	| 0.000	| 0.000	| 1	|
| IqF	| 1.000	| 0.000	| 0.000	| 1	|
| IqE	| 1.000	| 0.000	| 0.000	| 4	|

| micro	| 0.125	| 0.125	| 0.125	| 376	|
| macro	| 0.717	| 0.087	| 0.054	| 376	|
| w-avg	| 0.593	| 0.125	| 0.077	| 376	|

Confusion matrix: 
|	| SigmaE	| Var	| PiE	| EnumF	| Con	| TypeF	| PiF	| PiI	| SigmaF	| SigmaI	| IqF	| IqE	|
| SigmaE	| 6	| 4	| 3	| 3	| 3	| 0	| 2	| 0	| 4	| 0	| 0	| 0	|
| Var	| 6	| 9	| 6	| 12	| 6	| 5	| 8	| 8	| 10	| 0	| 0	| 0	|
| PiE	| 27	| 27	| 26	| 24	| 23	| 18	| 32	| 18	| 29	| 1	| 1	| 4	|
| EnumF	| 6	| 5	| 10	| 6	| 13	| 1	| 3	| 5	| 2	| 0	| 0	| 0	|
| Con	| 0	| 0	| 0	| 0	| 0	| 0	| 0	| 0	| 0	| 0	| 0	| 0	|
| TypeF	| 0	| 0	| 0	| 0	| 0	| 0	| 0	| 0	| 0	| 0	| 0	| 0	|
| PiF	| 0	| 0	| 0	| 0	| 0	| 0	| 0	| 0	| 0	| 0	| 0	| 0	|
| PiI	| 0	| 0	| 0	| 0	| 0	| 0	| 0	| 0	| 0	| 0	| 0	| 0	|
| SigmaF	| 0	| 0	| 0	| 0	| 0	| 0	| 0	| 0	| 0	| 0	| 0	| 0	|
| SigmaI	| 0	| 0	| 0	| 0	| 0	| 0	| 0	| 0	| 0	| 0	| 0	| 0	|
| IqF	| 0	| 0	| 0	| 0	| 0	| 0	| 0	| 0	| 0	| 0	| 0	| 0	|
| IqE	| 0	| 0	| 0	| 0	| 0	| 0	| 0	| 0	| 0	| 0	| 0	| 0	|

