Scores:
|	| Prec 	| Rec 	| F1 	| Supp 	|
| PiF	| 0.130	| 0.756	| 0.222	| 45	|
| Var	| 0.178	| 0.178	| 0.178	| 45	|
| Con	| 0.229	| 0.244	| 0.237	| 45	|
| SigmaE	| 0.182	| 0.089	| 0.119	| 45	|
| TypeF	| 1.000	| 0.000	| 0.000	| 24	|
| PiI	| 1.000	| 0.000	| 0.000	| 31	|
| PiE	| 1.000	| 0.000	| 0.000	| 45	|
| SigmaF	| 1.000	| 0.000	| 0.000	| 45	|
| SigmaI	| 1.000	| 0.000	| 0.000	| 1	|
| EnumF	| 1.000	| 0.000	| 0.000	| 45	|
| IqF	| 1.000	| 0.000	| 0.000	| 1	|
| IqE	| 1.000	| 0.000	| 0.000	| 4	|

| micro	| 0.152	| 0.152	| 0.152	| 376	|
| macro	| 0.727	| 0.106	| 0.063	| 376	|
| w-avg	| 0.607	| 0.152	| 0.090	| 376	|

Confusion matrix: 
|	| PiF	| Var	| Con	| SigmaE	| TypeF	| PiI	| PiE	| SigmaF	| SigmaI	| EnumF	| IqF	| IqE	|
| PiF	| 34	| 31	| 25	| 37	| 21	| 21	| 26	| 33	| 1	| 27	| 1	| 4	|
| Var	| 7	| 8	| 5	| 1	| 2	| 4	| 9	| 2	| 0	| 7	| 0	| 0	|
| Con	| 3	| 3	| 11	| 3	| 1	| 5	| 7	| 7	| 0	| 8	| 0	| 0	|
| SigmaE	| 1	| 3	| 4	| 4	| 0	| 1	| 3	| 3	| 0	| 3	| 0	| 0	|
| TypeF	| 0	| 0	| 0	| 0	| 0	| 0	| 0	| 0	| 0	| 0	| 0	| 0	|
| PiI	| 0	| 0	| 0	| 0	| 0	| 0	| 0	| 0	| 0	| 0	| 0	| 0	|
| PiE	| 0	| 0	| 0	| 0	| 0	| 0	| 0	| 0	| 0	| 0	| 0	| 0	|
| SigmaF	| 0	| 0	| 0	| 0	| 0	| 0	| 0	| 0	| 0	| 0	| 0	| 0	|
| SigmaI	| 0	| 0	| 0	| 0	| 0	| 0	| 0	| 0	| 0	| 0	| 0	| 0	|
| EnumF	| 0	| 0	| 0	| 0	| 0	| 0	| 0	| 0	| 0	| 0	| 0	| 0	|
| IqF	| 0	| 0	| 0	| 0	| 0	| 0	| 0	| 0	| 0	| 0	| 0	| 0	|
| IqE	| 0	| 0	| 0	| 0	| 0	| 0	| 0	| 0	| 0	| 0	| 0	| 0	|

