Scores:
|	| Prec 	| Rec 	| F1 	| Supp 	|
| PiF	| 0.137	| 0.644	| 0.226	| 45	|
| Var	| 1.000	| 0.000	| 0.000	| 45	|
| Con	| 0.189	| 0.378	| 0.252	| 45	|
| TypeF	| 0.130	| 0.292	| 0.179	| 24	|
| SigmaE	| 0.350	| 0.156	| 0.215	| 45	|
| PiI	| 1.000	| 0.000	| 0.000	| 31	|
| PiE	| 1.000	| 0.000	| 0.000	| 45	|
| SigmaF	| 1.000	| 0.000	| 0.000	| 45	|
| SigmaI	| 1.000	| 0.000	| 0.000	| 1	|
| EnumF	| 1.000	| 0.000	| 0.000	| 45	|
| IqF	| 1.000	| 0.000	| 0.000	| 1	|
| IqE	| 1.000	| 0.000	| 0.000	| 4	|

| micro	| 0.160	| 0.160	| 0.160	| 376	|
| macro	| 0.734	| 0.122	| 0.073	| 376	|
| w-avg	| 0.666	| 0.160	| 0.094	| 376	|

Confusion matrix: 
|	| PiF	| Var	| Con	| TypeF	| SigmaE	| PiI	| PiE	| SigmaF	| SigmaI	| EnumF	| IqF	| IqE	|
| PiF	| 29	| 27	| 21	| 13	| 26	| 17	| 24	| 25	| 1	| 24	| 1	| 4	|
| Var	| 0	| 0	| 0	| 0	| 0	| 0	| 0	| 0	| 0	| 0	| 0	| 0	|
| Con	| 8	| 11	| 17	| 4	| 5	| 9	| 13	| 11	| 0	| 12	| 0	| 0	|
| TypeF	| 8	| 6	| 6	| 7	| 7	| 5	| 2	| 6	| 0	| 7	| 0	| 0	|
| SigmaE	| 0	| 1	| 1	| 0	| 7	| 0	| 6	| 3	| 0	| 2	| 0	| 0	|
| PiI	| 0	| 0	| 0	| 0	| 0	| 0	| 0	| 0	| 0	| 0	| 0	| 0	|
| PiE	| 0	| 0	| 0	| 0	| 0	| 0	| 0	| 0	| 0	| 0	| 0	| 0	|
| SigmaF	| 0	| 0	| 0	| 0	| 0	| 0	| 0	| 0	| 0	| 0	| 0	| 0	|
| SigmaI	| 0	| 0	| 0	| 0	| 0	| 0	| 0	| 0	| 0	| 0	| 0	| 0	|
| EnumF	| 0	| 0	| 0	| 0	| 0	| 0	| 0	| 0	| 0	| 0	| 0	| 0	|
| IqF	| 0	| 0	| 0	| 0	| 0	| 0	| 0	| 0	| 0	| 0	| 0	| 0	|
| IqE	| 0	| 0	| 0	| 0	| 0	| 0	| 0	| 0	| 0	| 0	| 0	| 0	|

