Scores:
|	| Prec 	| Rec 	| F1 	| Supp 	|
| Var	| 0.313	| 0.969	| 0.473	| 32	|
| PiE	| 1.000	| 0.000	| 0.000	| 17	|
| PiF	| 0.500	| 0.053	| 0.095	| 19	|
| IqE	| 1.000	| 0.000	| 0.000	| 8	|
| Con	| 1.000	| 0.000	| 0.000	| 12	|
| PiI	| 1.000	| 0.000	| 0.000	| 5	|
| SigmaE	| 1.000	| 0.000	| 0.000	| 6	|
| SigmaI	| 1.000	| 0.000	| 0.000	| 2	|

| micro	| 0.317	| 0.317	| 0.317	| 101	|
| macro	| 0.852	| 0.128	| 0.071	| 101	|
| w-avg	| 0.688	| 0.317	| 0.168	| 101	|

Confusion matrix: 
|	| Var	| PiE	| PiF	| IqE	| Con	| PiI	| SigmaE	| SigmaI	|
| Var	| 31	| 17	| 18	| 8	| 12	| 5	| 6	| 2	|
| PiE	| 0	| 0	| 0	| 0	| 0	| 0	| 0	| 0	|
| PiF	| 1	| 0	| 1	| 0	| 0	| 0	| 0	| 0	|
| IqE	| 0	| 0	| 0	| 0	| 0	| 0	| 0	| 0	|
| Con	| 0	| 0	| 0	| 0	| 0	| 0	| 0	| 0	|
| PiI	| 0	| 0	| 0	| 0	| 0	| 0	| 0	| 0	|
| SigmaE	| 0	| 0	| 0	| 0	| 0	| 0	| 0	| 0	|
| SigmaI	| 0	| 0	| 0	| 0	| 0	| 0	| 0	| 0	|

