Scores:
|	| Prec 	| Rec 	| F1 	| Supp 	|
| Var	| 0.287	| 1.000	| 0.446	| 29	|
| PiE	| 1.000	| 0.000	| 0.000	| 17	|
| Con	| 1.000	| 0.000	| 0.000	| 18	|
| PiI	| 1.000	| 0.000	| 0.000	| 7	|
| SigmaE	| 1.000	| 0.000	| 0.000	| 6	|
| PiF	| 1.000	| 0.000	| 0.000	| 13	|
| IqE	| 1.000	| 0.000	| 0.000	| 5	|
| SigmaI	| 1.000	| 0.000	| 0.000	| 4	|
| SigmaF	| 1.000	| 0.000	| 0.000	| 2	|

| micro	| 0.287	| 0.287	| 0.287	| 101	|
| macro	| 0.921	| 0.111	| 0.050	| 101	|
| w-avg	| 0.795	| 0.287	| 0.128	| 101	|

Confusion matrix: 
|	| Var	| PiE	| Con	| PiI	| SigmaE	| PiF	| IqE	| SigmaI	| SigmaF	|
| Var	| 29	| 17	| 18	| 7	| 6	| 13	| 5	| 4	| 2	|
| PiE	| 0	| 0	| 0	| 0	| 0	| 0	| 0	| 0	| 0	|
| Con	| 0	| 0	| 0	| 0	| 0	| 0	| 0	| 0	| 0	|
| PiI	| 0	| 0	| 0	| 0	| 0	| 0	| 0	| 0	| 0	|
| SigmaE	| 0	| 0	| 0	| 0	| 0	| 0	| 0	| 0	| 0	|
| PiF	| 0	| 0	| 0	| 0	| 0	| 0	| 0	| 0	| 0	|
| IqE	| 0	| 0	| 0	| 0	| 0	| 0	| 0	| 0	| 0	|
| SigmaI	| 0	| 0	| 0	| 0	| 0	| 0	| 0	| 0	| 0	|
| SigmaF	| 0	| 0	| 0	| 0	| 0	| 0	| 0	| 0	| 0	|

