Scores:
|	| Prec 	| Rec 	| F1 	| Supp 	|
| Con	| 0.102	| 0.556	| 0.172	| 45	|
| Var	| 1.000	| 0.000	| 0.000	| 45	|
| PiE	| 0.162	| 0.467	| 0.240	| 45	|
| TypeF	| 1.000	| 0.000	| 0.000	| 24	|
| PiF	| 1.000	| 0.000	| 0.000	| 45	|
| PiI	| 1.000	| 0.000	| 0.000	| 31	|
| SigmaF	| 1.000	| 0.000	| 0.000	| 45	|
| SigmaI	| 1.000	| 0.000	| 0.000	| 1	|
| SigmaE	| 1.000	| 0.000	| 0.000	| 45	|
| EnumF	| 1.000	| 0.000	| 0.000	| 45	|
| IqF	| 1.000	| 0.000	| 0.000	| 1	|
| IqE	| 1.000	| 0.000	| 0.000	| 4	|

| micro	| 0.122	| 0.122	| 0.122	| 376	|
| macro	| 0.855	| 0.085	| 0.034	| 376	|
| w-avg	| 0.792	| 0.122	| 0.049	| 376	|

Confusion matrix: 
|	| Con	| Var	| PiE	| TypeF	| PiF	| PiI	| SigmaF	| SigmaI	| SigmaE	| EnumF	| IqF	| IqE	|
| Con	| 25	| 28	| 24	| 19	| 39	| 21	| 26	| 1	| 29	| 29	| 1	| 4	|
| Var	| 0	| 0	| 0	| 0	| 0	| 0	| 0	| 0	| 0	| 0	| 0	| 0	|
| PiE	| 20	| 17	| 21	| 5	| 6	| 10	| 19	| 0	| 16	| 16	| 0	| 0	|
| TypeF	| 0	| 0	| 0	| 0	| 0	| 0	| 0	| 0	| 0	| 0	| 0	| 0	|
| PiF	| 0	| 0	| 0	| 0	| 0	| 0	| 0	| 0	| 0	| 0	| 0	| 0	|
| PiI	| 0	| 0	| 0	| 0	| 0	| 0	| 0	| 0	| 0	| 0	| 0	| 0	|
| SigmaF	| 0	| 0	| 0	| 0	| 0	| 0	| 0	| 0	| 0	| 0	| 0	| 0	|
| SigmaI	| 0	| 0	| 0	| 0	| 0	| 0	| 0	| 0	| 0	| 0	| 0	| 0	|
| SigmaE	| 0	| 0	| 0	| 0	| 0	| 0	| 0	| 0	| 0	| 0	| 0	| 0	|
| EnumF	| 0	| 0	| 0	| 0	| 0	| 0	| 0	| 0	| 0	| 0	| 0	| 0	|
| IqF	| 0	| 0	| 0	| 0	| 0	| 0	| 0	| 0	| 0	| 0	| 0	| 0	|
| IqE	| 0	| 0	| 0	| 0	| 0	| 0	| 0	| 0	| 0	| 0	| 0	| 0	|

