Scores:
|	| Prec 	| Rec 	| F1 	| Supp 	|
| SigmaE	| 0.161	| 0.667	| 0.260	| 45	|
| Var	| 1.000	| 0.000	| 0.000	| 45	|
| EnumF	| 0.197	| 0.289	| 0.234	| 45	|
| PiF	| 0.194	| 0.289	| 0.232	| 45	|
| PiE	| 0.140	| 0.178	| 0.157	| 45	|
| Con	| 1.000	| 0.000	| 0.000	| 45	|
| TypeF	| 1.000	| 0.000	| 0.000	| 24	|
| PiI	| 1.000	| 0.000	| 0.000	| 31	|
| SigmaF	| 1.000	| 0.000	| 0.000	| 45	|
| SigmaI	| 1.000	| 0.000	| 0.000	| 1	|
| IqF	| 1.000	| 0.000	| 0.000	| 1	|
| IqE	| 1.000	| 0.000	| 0.000	| 4	|

| micro	| 0.170	| 0.170	| 0.170	| 376	|
| macro	| 0.724	| 0.119	| 0.074	| 376	|
| w-avg	| 0.604	| 0.170	| 0.106	| 376	|

Confusion matrix: 
|	| SigmaE	| Var	| EnumF	| PiF	| PiE	| Con	| TypeF	| PiI	| SigmaF	| SigmaI	| IqF	| IqE	|
| SigmaE	| 30	| 24	| 22	| 20	| 18	| 16	| 8	| 13	| 29	| 1	| 1	| 4	|
| Var	| 0	| 0	| 0	| 0	| 0	| 0	| 0	| 0	| 0	| 0	| 0	| 0	|
| EnumF	| 6	| 5	| 13	| 7	| 9	| 11	| 6	| 4	| 5	| 0	| 0	| 0	|
| PiF	| 4	| 13	| 3	| 13	| 10	| 6	| 7	| 6	| 5	| 0	| 0	| 0	|
| PiE	| 5	| 3	| 7	| 5	| 8	| 12	| 3	| 8	| 6	| 0	| 0	| 0	|
| Con	| 0	| 0	| 0	| 0	| 0	| 0	| 0	| 0	| 0	| 0	| 0	| 0	|
| TypeF	| 0	| 0	| 0	| 0	| 0	| 0	| 0	| 0	| 0	| 0	| 0	| 0	|
| PiI	| 0	| 0	| 0	| 0	| 0	| 0	| 0	| 0	| 0	| 0	| 0	| 0	|
| SigmaF	| 0	| 0	| 0	| 0	| 0	| 0	| 0	| 0	| 0	| 0	| 0	| 0	|
| SigmaI	| 0	| 0	| 0	| 0	| 0	| 0	| 0	| 0	| 0	| 0	| 0	| 0	|
| IqF	| 0	| 0	| 0	| 0	| 0	| 0	| 0	| 0	| 0	| 0	| 0	| 0	|
| IqE	| 0	| 0	| 0	| 0	| 0	| 0	| 0	| 0	| 0	| 0	| 0	| 0	|

