Scores:
|	| Prec 	| Rec 	| F1 	| Supp 	|
| PiF	| 0.150	| 0.822	| 0.253	| 45	|
| Var	| 1.000	| 0.000	| 0.000	| 45	|
| Con	| 0.151	| 0.178	| 0.163	| 45	|
| SigmaE	| 0.250	| 0.111	| 0.154	| 45	|
| EnumF	| 0.138	| 0.178	| 0.155	| 45	|
| TypeF	| 1.000	| 0.000	| 0.000	| 24	|
| PiI	| 1.000	| 0.000	| 0.000	| 31	|
| PiE	| 1.000	| 0.000	| 0.000	| 45	|
| SigmaF	| 1.000	| 0.000	| 0.000	| 45	|
| SigmaI	| 1.000	| 0.000	| 0.000	| 2	|
| IqF	| 1.000	| 0.000	| 0.000	| 2	|
| IqE	| 1.000	| 0.000	| 0.000	| 4	|

| micro	| 0.153	| 0.153	| 0.153	| 378	|
| macro	| 0.724	| 0.107	| 0.060	| 378	|
| w-avg	| 0.606	| 0.153	| 0.086	| 378	|

Confusion matrix: 
|	| PiF	| Var	| Con	| SigmaE	| EnumF	| TypeF	| PiI	| PiE	| SigmaF	| SigmaI	| IqF	| IqE	|
| PiF	| 37	| 26	| 30	| 30	| 27	| 20	| 24	| 23	| 23	| 2	| 1	| 4	|
| Var	| 0	| 0	| 0	| 0	| 0	| 0	| 0	| 0	| 0	| 0	| 0	| 0	|
| Con	| 4	| 9	| 8	| 5	| 6	| 3	| 3	| 10	| 4	| 0	| 1	| 0	|
| SigmaE	| 0	| 3	| 1	| 5	| 4	| 0	| 1	| 2	| 4	| 0	| 0	| 0	|
| EnumF	| 4	| 7	| 6	| 5	| 8	| 1	| 3	| 10	| 14	| 0	| 0	| 0	|
| TypeF	| 0	| 0	| 0	| 0	| 0	| 0	| 0	| 0	| 0	| 0	| 0	| 0	|
| PiI	| 0	| 0	| 0	| 0	| 0	| 0	| 0	| 0	| 0	| 0	| 0	| 0	|
| PiE	| 0	| 0	| 0	| 0	| 0	| 0	| 0	| 0	| 0	| 0	| 0	| 0	|
| SigmaF	| 0	| 0	| 0	| 0	| 0	| 0	| 0	| 0	| 0	| 0	| 0	| 0	|
| SigmaI	| 0	| 0	| 0	| 0	| 0	| 0	| 0	| 0	| 0	| 0	| 0	| 0	|
| IqF	| 0	| 0	| 0	| 0	| 0	| 0	| 0	| 0	| 0	| 0	| 0	| 0	|
| IqE	| 0	| 0	| 0	| 0	| 0	| 0	| 0	| 0	| 0	| 0	| 0	| 0	|

