Scores:
|	| Prec 	| Rec 	| F1 	| Supp 	|
| EnumF	| 0.156	| 0.189	| 0.171	| 90	|
| Var	| 1.000	| 0.000	| 0.000	| 90	|
| PiF	| 0.137	| 0.600	| 0.223	| 90	|
| SigmaE	| 0.378	| 0.189	| 0.252	| 90	|
| Con	| 0.190	| 0.433	| 0.264	| 90	|
| TypeF	| 1.000	| 0.000	| 0.000	| 48	|
| PiI	| 1.000	| 0.000	| 0.000	| 62	|
| PiE	| 1.000	| 0.000	| 0.000	| 90	|
| SigmaF	| 1.000	| 0.000	| 0.000	| 90	|
| SigmaI	| 1.000	| 0.000	| 0.000	| 3	|
| IqF	| 1.000	| 0.000	| 0.000	| 3	|
| IqE	| 1.000	| 0.000	| 0.000	| 8	|

| micro	| 0.168	| 0.168	| 0.168	| 754	|
| macro	| 0.738	| 0.118	| 0.076	| 754	|
| w-avg	| 0.625	| 0.168	| 0.109	| 754	|

Confusion matrix: 
|	| EnumF	| Var	| PiF	| SigmaE	| Con	| TypeF	| PiI	| PiE	| SigmaF	| SigmaI	| IqF	| IqE	|
| EnumF	| 17	| 20	| 16	| 6	| 11	| 6	| 11	| 10	| 12	| 0	| 0	| 0	|
| Var	| 0	| 0	| 0	| 0	| 0	| 0	| 0	| 0	| 0	| 0	| 0	| 0	|
| PiF	| 49	| 41	| 54	| 48	| 33	| 30	| 36	| 41	| 50	| 3	| 2	| 8	|
| SigmaE	| 2	| 7	| 1	| 17	| 7	| 0	| 0	| 8	| 3	| 0	| 0	| 0	|
| Con	| 22	| 22	| 19	| 19	| 39	| 12	| 15	| 31	| 25	| 0	| 1	| 0	|
| TypeF	| 0	| 0	| 0	| 0	| 0	| 0	| 0	| 0	| 0	| 0	| 0	| 0	|
| PiI	| 0	| 0	| 0	| 0	| 0	| 0	| 0	| 0	| 0	| 0	| 0	| 0	|
| PiE	| 0	| 0	| 0	| 0	| 0	| 0	| 0	| 0	| 0	| 0	| 0	| 0	|
| SigmaF	| 0	| 0	| 0	| 0	| 0	| 0	| 0	| 0	| 0	| 0	| 0	| 0	|
| SigmaI	| 0	| 0	| 0	| 0	| 0	| 0	| 0	| 0	| 0	| 0	| 0	| 0	|
| IqF	| 0	| 0	| 0	| 0	| 0	| 0	| 0	| 0	| 0	| 0	| 0	| 0	|
| IqE	| 0	| 0	| 0	| 0	| 0	| 0	| 0	| 0	| 0	| 0	| 0	| 0	|

