Scores:
|	| Prec 	| Rec 	| F1 	| Supp 	|
| SigmaE	| 0.130	| 0.533	| 0.210	| 45	|
| Var	| 1.000	| 0.000	| 0.000	| 45	|
| EnumF	| 0.144	| 0.511	| 0.224	| 45	|
| Con	| 0.094	| 0.067	| 0.078	| 45	|
| TypeF	| 1.000	| 0.000	| 0.000	| 24	|
| PiF	| 1.000	| 0.000	| 0.000	| 45	|
| PiI	| 1.000	| 0.000	| 0.000	| 31	|
| PiE	| 1.000	| 0.000	| 0.000	| 45	|
| SigmaF	| 1.000	| 0.000	| 0.000	| 45	|
| SigmaI	| 1.000	| 0.000	| 0.000	| 1	|
| IqF	| 1.000	| 0.000	| 0.000	| 1	|
| IqE	| 1.000	| 0.000	| 0.000	| 4	|

| micro	| 0.133	| 0.133	| 0.133	| 376	|
| macro	| 0.781	| 0.093	| 0.043	| 376	|
| w-avg	| 0.685	| 0.133	| 0.061	| 376	|

Confusion matrix: 
|	| SigmaE	| Var	| EnumF	| Con	| TypeF	| PiF	| PiI	| PiE	| SigmaF	| SigmaI	| IqF	| IqE	|
| SigmaE	| 24	| 23	| 19	| 21	| 10	| 23	| 13	| 21	| 24	| 1	| 1	| 4	|
| Var	| 0	| 0	| 0	| 0	| 0	| 0	| 0	| 0	| 0	| 0	| 0	| 0	|
| EnumF	| 17	| 20	| 23	| 21	| 8	| 18	| 14	| 23	| 16	| 0	| 0	| 0	|
| Con	| 4	| 2	| 3	| 3	| 6	| 4	| 4	| 1	| 5	| 0	| 0	| 0	|
| TypeF	| 0	| 0	| 0	| 0	| 0	| 0	| 0	| 0	| 0	| 0	| 0	| 0	|
| PiF	| 0	| 0	| 0	| 0	| 0	| 0	| 0	| 0	| 0	| 0	| 0	| 0	|
| PiI	| 0	| 0	| 0	| 0	| 0	| 0	| 0	| 0	| 0	| 0	| 0	| 0	|
| PiE	| 0	| 0	| 0	| 0	| 0	| 0	| 0	| 0	| 0	| 0	| 0	| 0	|
| SigmaF	| 0	| 0	| 0	| 0	| 0	| 0	| 0	| 0	| 0	| 0	| 0	| 0	|
| SigmaI	| 0	| 0	| 0	| 0	| 0	| 0	| 0	| 0	| 0	| 0	| 0	| 0	|
| IqF	| 0	| 0	| 0	| 0	| 0	| 0	| 0	| 0	| 0	| 0	| 0	| 0	|
| IqE	| 0	| 0	| 0	| 0	| 0	| 0	| 0	| 0	| 0	| 0	| 0	| 0	|

