Scores:
|	| Prec 	| Rec 	| F1 	| Supp 	|
| Var	| 0.957	| 0.978	| 0.967	| 45	|
| PiF	| 0.932	| 0.911	| 0.921	| 45	|
| Con	| 0.978	| 0.978	| 0.978	| 45	|
| TypeF	| 1.000	| 1.000	| 1.000	| 24	|
| SigmaF	| 0.917	| 0.978	| 0.946	| 45	|
| PiI	| 0.968	| 0.968	| 0.968	| 31	|
| PiE	| 0.956	| 0.956	| 0.956	| 45	|
| SigmaI	| 1.000	| 0.000	| 0.000	| 1	|
| SigmaE	| 1.000	| 0.956	| 0.977	| 45	|
| EnumF	| 1.000	| 1.000	| 1.000	| 45	|
| IqF	| 1.000	| 1.000	| 1.000	| 1	|
| IqE	| 1.000	| 1.000	| 1.000	| 4	|

| micro	| 0.965	| 0.965	| 0.965	| 376	|
| macro	| 0.976	| 0.894	| 0.893	| 376	|
| w-avg	| 0.966	| 0.965	| 0.964	| 376	|

Confusion matrix: 
|	| Var	| PiF	| Con	| TypeF	| SigmaF	| PiI	| PiE	| SigmaI	| SigmaE	| EnumF	| IqF	| IqE	|
| Var	| 44	| 0	| 1	| 0	| 0	| 0	| 0	| 1	| 0	| 0	| 0	| 0	|
| PiF	| 1	| 41	| 0	| 0	| 0	| 0	| 1	| 0	| 1	| 0	| 0	| 0	|
| Con	| 0	| 0	| 44	| 0	| 0	| 0	| 1	| 0	| 0	| 0	| 0	| 0	|
| TypeF	| 0	| 0	| 0	| 24	| 0	| 0	| 0	| 0	| 0	| 0	| 0	| 0	|
| SigmaF	| 0	| 4	| 0	| 0	| 44	| 0	| 0	| 0	| 0	| 0	| 0	| 0	|
| PiI	| 0	| 0	| 0	| 0	| 0	| 30	| 0	| 0	| 1	| 0	| 0	| 0	|
| PiE	| 0	| 0	| 0	| 0	| 1	| 1	| 43	| 0	| 0	| 0	| 0	| 0	|
| SigmaI	| 0	| 0	| 0	| 0	| 0	| 0	| 0	| 0	| 0	| 0	| 0	| 0	|
| SigmaE	| 0	| 0	| 0	| 0	| 0	| 0	| 0	| 0	| 43	| 0	| 0	| 0	|
| EnumF	| 0	| 0	| 0	| 0	| 0	| 0	| 0	| 0	| 0	| 45	| 0	| 0	|
| IqF	| 0	| 0	| 0	| 0	| 0	| 0	| 0	| 0	| 0	| 0	| 1	| 0	|
| IqE	| 0	| 0	| 0	| 0	| 0	| 0	| 0	| 0	| 0	| 0	| 0	| 4	|

