Scores:
|	| Prec 	| Rec 	| F1 	| Supp 	|
| SigmaE	| 0.152	| 0.667	| 0.247	| 45	|
| Var	| 0.250	| 0.378	| 0.301	| 45	|
| Con	| 0.182	| 0.222	| 0.200	| 45	|
| PiF	| 0.222	| 0.222	| 0.222	| 45	|
| TypeF	| 0.154	| 0.083	| 0.108	| 24	|
| PiI	| 1.000	| 0.000	| 0.000	| 31	|
| PiE	| 1.000	| 0.000	| 0.000	| 45	|
| SigmaF	| 1.000	| 0.000	| 0.000	| 45	|
| SigmaI	| 1.000	| 0.000	| 0.000	| 2	|
| EnumF	| 1.000	| 0.000	| 0.000	| 45	|
| IqF	| 1.000	| 0.000	| 0.000	| 2	|
| IqE	| 1.000	| 0.000	| 0.000	| 5	|

| micro	| 0.182	| 0.182	| 0.182	| 379	|
| macro	| 0.663	| 0.131	| 0.090	| 379	|
| w-avg	| 0.567	| 0.182	| 0.122	| 379	|

Confusion matrix: 
|	| SigmaE	| Var	| Con	| PiF	| TypeF	| PiI	| PiE	| SigmaF	| SigmaI	| EnumF	| IqF	| IqE	|
| SigmaE	| 30	| 18	| 19	| 26	| 12	| 14	| 24	| 26	| 2	| 21	| 1	| 5	|
| Var	| 3	| 17	| 12	| 4	| 6	| 5	| 6	| 8	| 0	| 7	| 0	| 0	|
| Con	| 2	| 5	| 10	| 3	| 2	| 5	| 8	| 7	| 0	| 12	| 1	| 0	|
| PiF	| 9	| 4	| 3	| 10	| 2	| 3	| 6	| 4	| 0	| 4	| 0	| 0	|
| TypeF	| 1	| 1	| 1	| 2	| 2	| 4	| 1	| 0	| 0	| 1	| 0	| 0	|
| PiI	| 0	| 0	| 0	| 0	| 0	| 0	| 0	| 0	| 0	| 0	| 0	| 0	|
| PiE	| 0	| 0	| 0	| 0	| 0	| 0	| 0	| 0	| 0	| 0	| 0	| 0	|
| SigmaF	| 0	| 0	| 0	| 0	| 0	| 0	| 0	| 0	| 0	| 0	| 0	| 0	|
| SigmaI	| 0	| 0	| 0	| 0	| 0	| 0	| 0	| 0	| 0	| 0	| 0	| 0	|
| EnumF	| 0	| 0	| 0	| 0	| 0	| 0	| 0	| 0	| 0	| 0	| 0	| 0	|
| IqF	| 0	| 0	| 0	| 0	| 0	| 0	| 0	| 0	| 0	| 0	| 0	| 0	|
| IqE	| 0	| 0	| 0	| 0	| 0	| 0	| 0	| 0	| 0	| 0	| 0	| 0	|

