Scores:
|	| Prec 	| Rec 	| F1 	| Supp 	|
| Var	| 0.119	| 0.511	| 0.192	| 45	|
| PiF	| 0.127	| 0.156	| 0.140	| 45	|
| Con	| 0.111	| 0.133	| 0.121	| 45	|
| SigmaF	| 0.100	| 0.022	| 0.036	| 45	|
| EnumF	| 0.095	| 0.089	| 0.092	| 45	|
| SigmaE	| 0.130	| 0.067	| 0.088	| 45	|
| TypeF	| 1.000	| 0.000	| 0.000	| 24	|
| PiI	| 1.000	| 0.000	| 0.000	| 31	|
| PiE	| 1.000	| 0.000	| 0.000	| 45	|
| SigmaI	| 1.000	| 0.000	| 0.000	| 2	|
| IqF	| 1.000	| 0.000	| 0.000	| 2	|
| IqE	| 1.000	| 0.000	| 0.000	| 4	|

| micro	| 0.116	| 0.116	| 0.116	| 378	|
| macro	| 0.557	| 0.081	| 0.056	| 378	|
| w-avg	| 0.367	| 0.116	| 0.080	| 378	|

Confusion matrix: 
|	| Var	| PiF	| Con	| SigmaF	| EnumF	| SigmaE	| TypeF	| PiI	| PiE	| SigmaI	| IqF	| IqE	|
| Var	| 23	| 26	| 17	| 22	| 27	| 30	| 6	| 13	| 22	| 2	| 2	| 4	|
| PiF	| 5	| 7	| 8	| 7	| 1	| 4	| 11	| 6	| 6	| 0	| 0	| 0	|
| Con	| 8	| 4	| 6	| 5	| 7	| 7	| 1	| 8	| 8	| 0	| 0	| 0	|
| SigmaF	| 2	| 0	| 3	| 1	| 2	| 1	| 0	| 0	| 1	| 0	| 0	| 0	|
| EnumF	| 3	| 7	| 4	| 6	| 4	| 0	| 6	| 4	| 8	| 0	| 0	| 0	|
| SigmaE	| 4	| 1	| 7	| 4	| 4	| 3	| 0	| 0	| 0	| 0	| 0	| 0	|
| TypeF	| 0	| 0	| 0	| 0	| 0	| 0	| 0	| 0	| 0	| 0	| 0	| 0	|
| PiI	| 0	| 0	| 0	| 0	| 0	| 0	| 0	| 0	| 0	| 0	| 0	| 0	|
| PiE	| 0	| 0	| 0	| 0	| 0	| 0	| 0	| 0	| 0	| 0	| 0	| 0	|
| SigmaI	| 0	| 0	| 0	| 0	| 0	| 0	| 0	| 0	| 0	| 0	| 0	| 0	|
| IqF	| 0	| 0	| 0	| 0	| 0	| 0	| 0	| 0	| 0	| 0	| 0	| 0	|
| IqE	| 0	| 0	| 0	| 0	| 0	| 0	| 0	| 0	| 0	| 0	| 0	| 0	|

