Scores:
|	| Prec 	| Rec 	| F1 	| Supp 	|
| PiF	| 0.140	| 0.533	| 0.221	| 45	|
| Var	| 1.000	| 0.000	| 0.000	| 45	|
| PiE	| 0.145	| 0.356	| 0.206	| 45	|
| Con	| 0.164	| 0.222	| 0.189	| 45	|
| TypeF	| 0.143	| 0.083	| 0.105	| 24	|
| SigmaE	| 0.200	| 0.089	| 0.123	| 45	|
| PiI	| 0.000	| 0.000	| 0.000	| 31	|
| SigmaF	| 1.000	| 0.000	| 0.000	| 45	|
| SigmaI	| 1.000	| 0.000	| 0.000	| 2	|
| EnumF	| 1.000	| 0.000	| 0.000	| 45	|
| IqF	| 1.000	| 0.000	| 0.000	| 2	|
| IqE	| 1.000	| 0.000	| 0.000	| 4	|

| micro	| 0.148	| 0.148	| 0.148	| 378	|
| macro	| 0.566	| 0.107	| 0.070	| 378	|
| w-avg	| 0.465	| 0.148	| 0.095	| 378	|

Confusion matrix: 
|	| PiF	| Var	| PiE	| Con	| TypeF	| SigmaE	| PiI	| SigmaF	| SigmaI	| EnumF	| IqF	| IqE	|
| PiF	| 24	| 21	| 19	| 15	| 7	| 26	| 17	| 22	| 1	| 14	| 2	| 4	|
| Var	| 0	| 0	| 0	| 0	| 0	| 0	| 0	| 0	| 0	| 0	| 0	| 0	|
| PiE	| 11	| 16	| 16	| 16	| 11	| 9	| 7	| 10	| 1	| 13	| 0	| 0	|
| Con	| 3	| 7	| 6	| 10	| 4	| 5	| 5	| 10	| 0	| 11	| 0	| 0	|
| TypeF	| 7	| 1	| 0	| 1	| 2	| 0	| 2	| 0	| 0	| 1	| 0	| 0	|
| SigmaE	| 0	| 0	| 4	| 3	| 0	| 4	| 0	| 3	| 0	| 6	| 0	| 0	|
| PiI	| 0	| 0	| 0	| 0	| 0	| 1	| 0	| 0	| 0	| 0	| 0	| 0	|
| SigmaF	| 0	| 0	| 0	| 0	| 0	| 0	| 0	| 0	| 0	| 0	| 0	| 0	|
| SigmaI	| 0	| 0	| 0	| 0	| 0	| 0	| 0	| 0	| 0	| 0	| 0	| 0	|
| EnumF	| 0	| 0	| 0	| 0	| 0	| 0	| 0	| 0	| 0	| 0	| 0	| 0	|
| IqF	| 0	| 0	| 0	| 0	| 0	| 0	| 0	| 0	| 0	| 0	| 0	| 0	|
| IqE	| 0	| 0	| 0	| 0	| 0	| 0	| 0	| 0	| 0	| 0	| 0	| 0	|

