Scores:
|	| Prec 	| Rec 	| F1 	| Supp 	|
| Con	| 0.190	| 0.422	| 0.262	| 45	|
| Var	| 1.000	| 0.000	| 0.000	| 45	|
| PiF	| 0.143	| 0.778	| 0.242	| 45	|
| SigmaE	| 0.333	| 0.133	| 0.190	| 45	|
| TypeF	| 0.294	| 0.208	| 0.244	| 24	|
| PiI	| 1.000	| 0.000	| 0.000	| 31	|
| PiE	| 1.000	| 0.000	| 0.000	| 45	|
| SigmaF	| 1.000	| 0.000	| 0.000	| 45	|
| SigmaI	| 1.000	| 0.000	| 0.000	| 2	|
| EnumF	| 1.000	| 0.000	| 0.000	| 45	|
| IqF	| 1.000	| 0.000	| 0.000	| 2	|
| IqE	| 1.000	| 0.000	| 0.000	| 5	|

| micro	| 0.172	| 0.172	| 0.172	| 379	|
| macro	| 0.747	| 0.128	| 0.078	| 379	|
| w-avg	| 0.678	| 0.172	| 0.098	| 379	|

Confusion matrix: 
|	| Con	| Var	| PiF	| SigmaE	| TypeF	| PiI	| PiE	| SigmaF	| SigmaI	| EnumF	| IqF	| IqE	|
| Con	| 19	| 11	| 7	| 8	| 4	| 9	| 14	| 12	| 0	| 15	| 1	| 0	|
| Var	| 0	| 0	| 0	| 0	| 0	| 0	| 0	| 0	| 0	| 0	| 0	| 0	|
| PiF	| 22	| 33	| 35	| 30	| 15	| 21	| 24	| 30	| 2	| 26	| 1	| 5	|
| SigmaE	| 2	| 1	| 0	| 6	| 0	| 0	| 4	| 1	| 0	| 4	| 0	| 0	|
| TypeF	| 2	| 0	| 3	| 1	| 5	| 1	| 3	| 2	| 0	| 0	| 0	| 0	|
| PiI	| 0	| 0	| 0	| 0	| 0	| 0	| 0	| 0	| 0	| 0	| 0	| 0	|
| PiE	| 0	| 0	| 0	| 0	| 0	| 0	| 0	| 0	| 0	| 0	| 0	| 0	|
| SigmaF	| 0	| 0	| 0	| 0	| 0	| 0	| 0	| 0	| 0	| 0	| 0	| 0	|
| SigmaI	| 0	| 0	| 0	| 0	| 0	| 0	| 0	| 0	| 0	| 0	| 0	| 0	|
| EnumF	| 0	| 0	| 0	| 0	| 0	| 0	| 0	| 0	| 0	| 0	| 0	| 0	|
| IqF	| 0	| 0	| 0	| 0	| 0	| 0	| 0	| 0	| 0	| 0	| 0	| 0	|
| IqE	| 0	| 0	| 0	| 0	| 0	| 0	| 0	| 0	| 0	| 0	| 0	| 0	|

