Scores:
|	| Prec 	| Rec 	| F1 	| Supp 	|
| EnumF	| 0.154	| 0.178	| 0.165	| 45	|
| Var	| 1.000	| 0.000	| 0.000	| 45	|
| PiE	| 0.222	| 0.222	| 0.222	| 45	|
| SigmaF	| 0.145	| 0.600	| 0.234	| 45	|
| SigmaE	| 0.353	| 0.133	| 0.194	| 45	|
| PiF	| 0.175	| 0.244	| 0.204	| 45	|
| Con	| 0.231	| 0.067	| 0.103	| 45	|
| TypeF	| 1.000	| 0.000	| 0.000	| 24	|
| PiI	| 1.000	| 0.000	| 0.000	| 31	|
| SigmaI	| 1.000	| 0.000	| 0.000	| 1	|
| IqF	| 1.000	| 0.000	| 0.000	| 1	|
| IqE	| 1.000	| 0.000	| 0.000	| 4	|

| micro	| 0.173	| 0.173	| 0.173	| 376	|
| macro	| 0.607	| 0.120	| 0.093	| 376	|
| w-avg	| 0.435	| 0.173	| 0.134	| 376	|

Confusion matrix: 
|	| EnumF	| Var	| PiE	| SigmaF	| SigmaE	| PiF	| Con	| TypeF	| PiI	| SigmaI	| IqF	| IqE	|
| EnumF	| 8	| 6	| 4	| 4	| 6	| 8	| 8	| 3	| 5	| 0	| 0	| 0	|
| Var	| 0	| 0	| 0	| 0	| 0	| 0	| 0	| 0	| 0	| 0	| 0	| 0	|
| PiE	| 8	| 7	| 10	| 6	| 4	| 2	| 5	| 0	| 2	| 0	| 1	| 0	|
| SigmaF	| 22	| 17	| 23	| 27	| 23	| 23	| 21	| 9	| 16	| 1	| 0	| 4	|
| SigmaE	| 1	| 4	| 0	| 4	| 6	| 0	| 1	| 0	| 1	| 0	| 0	| 0	|
| PiF	| 4	| 9	| 5	| 3	| 6	| 11	| 7	| 11	| 7	| 0	| 0	| 0	|
| Con	| 2	| 2	| 3	| 1	| 0	| 1	| 3	| 1	| 0	| 0	| 0	| 0	|
| TypeF	| 0	| 0	| 0	| 0	| 0	| 0	| 0	| 0	| 0	| 0	| 0	| 0	|
| PiI	| 0	| 0	| 0	| 0	| 0	| 0	| 0	| 0	| 0	| 0	| 0	| 0	|
| SigmaI	| 0	| 0	| 0	| 0	| 0	| 0	| 0	| 0	| 0	| 0	| 0	| 0	|
| IqF	| 0	| 0	| 0	| 0	| 0	| 0	| 0	| 0	| 0	| 0	| 0	| 0	|
| IqE	| 0	| 0	| 0	| 0	| 0	| 0	| 0	| 0	| 0	| 0	| 0	| 0	|

