Scores:
|	| Prec 	| Rec 	| F1 	| Supp 	|
| Var	| 0.144	| 0.667	| 0.236	| 45	|
| SigmaE	| 0.143	| 0.089	| 0.110	| 45	|
| PiF	| 0.231	| 0.200	| 0.214	| 45	|
| TypeF	| 0.385	| 0.208	| 0.270	| 24	|
| EnumF	| 0.143	| 0.156	| 0.149	| 45	|
| Con	| 0.150	| 0.133	| 0.141	| 45	|
| PiI	| 1.000	| 0.000	| 0.000	| 31	|
| PiE	| 1.000	| 0.000	| 0.000	| 45	|
| SigmaF	| 1.000	| 0.000	| 0.000	| 45	|
| SigmaI	| 1.000	| 0.000	| 0.000	| 2	|
| IqF	| 1.000	| 0.000	| 0.000	| 2	|
| IqE	| 1.000	| 0.000	| 0.000	| 4	|

| micro	| 0.161	| 0.161	| 0.161	| 378	|
| macro	| 0.600	| 0.121	| 0.093	| 378	|
| w-avg	| 0.462	| 0.161	| 0.118	| 378	|

Confusion matrix: 
|	| Var	| SigmaE	| PiF	| TypeF	| EnumF	| Con	| PiI	| PiE	| SigmaF	| SigmaI	| IqF	| IqE	|
| Var	| 30	| 28	| 31	| 11	| 22	| 20	| 14	| 19	| 27	| 2	| 1	| 4	|
| SigmaE	| 5	| 4	| 0	| 0	| 8	| 2	| 0	| 3	| 6	| 0	| 0	| 0	|
| PiF	| 2	| 6	| 9	| 4	| 2	| 5	| 6	| 4	| 1	| 0	| 0	| 0	|
| TypeF	| 2	| 0	| 2	| 5	| 2	| 0	| 1	| 1	| 0	| 0	| 0	| 0	|
| EnumF	| 4	| 5	| 1	| 2	| 7	| 12	| 3	| 11	| 4	| 0	| 0	| 0	|
| Con	| 2	| 2	| 2	| 2	| 4	| 6	| 7	| 7	| 7	| 0	| 1	| 0	|
| PiI	| 0	| 0	| 0	| 0	| 0	| 0	| 0	| 0	| 0	| 0	| 0	| 0	|
| PiE	| 0	| 0	| 0	| 0	| 0	| 0	| 0	| 0	| 0	| 0	| 0	| 0	|
| SigmaF	| 0	| 0	| 0	| 0	| 0	| 0	| 0	| 0	| 0	| 0	| 0	| 0	|
| SigmaI	| 0	| 0	| 0	| 0	| 0	| 0	| 0	| 0	| 0	| 0	| 0	| 0	|
| IqF	| 0	| 0	| 0	| 0	| 0	| 0	| 0	| 0	| 0	| 0	| 0	| 0	|
| IqE	| 0	| 0	| 0	| 0	| 0	| 0	| 0	| 0	| 0	| 0	| 0	| 0	|

