Scores:
|	| Prec 	| Rec 	| F1 	| Supp 	|
| Con	| 0.234	| 0.244	| 0.239	| 45	|
| Var	| 1.000	| 0.000	| 0.000	| 45	|
| SigmaE	| 0.157	| 0.756	| 0.261	| 45	|
| PiE	| 0.085	| 0.089	| 0.087	| 45	|
| PiF	| 0.152	| 0.222	| 0.180	| 45	|
| TypeF	| 1.000	| 0.000	| 0.000	| 24	|
| PiI	| 1.000	| 0.000	| 0.000	| 31	|
| SigmaF	| 1.000	| 0.000	| 0.000	| 45	|
| SigmaI	| 1.000	| 0.000	| 0.000	| 1	|
| EnumF	| 1.000	| 0.000	| 0.000	| 45	|
| IqF	| 1.000	| 0.000	| 0.000	| 1	|
| IqE	| 1.000	| 0.000	| 0.000	| 4	|

| micro	| 0.157	| 0.157	| 0.157	| 376	|
| macro	| 0.719	| 0.109	| 0.064	| 376	|
| w-avg	| 0.596	| 0.157	| 0.092	| 376	|

Confusion matrix: 
|	| Con	| Var	| SigmaE	| PiE	| PiF	| TypeF	| PiI	| SigmaF	| SigmaI	| EnumF	| IqF	| IqE	|
| Con	| 11	| 6	| 3	| 6	| 3	| 2	| 6	| 6	| 0	| 4	| 0	| 0	|
| Var	| 0	| 0	| 0	| 0	| 0	| 0	| 0	| 0	| 0	| 0	| 0	| 0	|
| SigmaE	| 18	| 26	| 34	| 25	| 25	| 11	| 21	| 25	| 1	| 25	| 1	| 4	|
| PiE	| 7	| 7	| 3	| 4	| 7	| 1	| 1	| 8	| 0	| 9	| 0	| 0	|
| PiF	| 9	| 6	| 5	| 10	| 10	| 10	| 3	| 6	| 0	| 7	| 0	| 0	|
| TypeF	| 0	| 0	| 0	| 0	| 0	| 0	| 0	| 0	| 0	| 0	| 0	| 0	|
| PiI	| 0	| 0	| 0	| 0	| 0	| 0	| 0	| 0	| 0	| 0	| 0	| 0	|
| SigmaF	| 0	| 0	| 0	| 0	| 0	| 0	| 0	| 0	| 0	| 0	| 0	| 0	|
| SigmaI	| 0	| 0	| 0	| 0	| 0	| 0	| 0	| 0	| 0	| 0	| 0	| 0	|
| EnumF	| 0	| 0	| 0	| 0	| 0	| 0	| 0	| 0	| 0	| 0	| 0	| 0	|
| IqF	| 0	| 0	| 0	| 0	| 0	| 0	| 0	| 0	| 0	| 0	| 0	| 0	|
| IqE	| 0	| 0	| 0	| 0	| 0	| 0	| 0	| 0	| 0	| 0	| 0	| 0	|

