Scores:
|	| Prec 	| Rec 	| F1 	| Supp 	|
| PiF	| 0.150	| 0.822	| 0.254	| 45	|
| Var	| 1.000	| 0.000	| 0.000	| 45	|
| Con	| 0.146	| 0.267	| 0.189	| 45	|
| EnumF	| 0.143	| 0.067	| 0.091	| 45	|
| SigmaE	| 0.308	| 0.178	| 0.225	| 45	|
| TypeF	| 1.000	| 0.000	| 0.000	| 24	|
| PiI	| 1.000	| 0.000	| 0.000	| 31	|
| PiE	| 1.000	| 0.000	| 0.000	| 45	|
| SigmaF	| 0.000	| 0.000	| 0.000	| 45	|
| SigmaI	| 1.000	| 0.000	| 0.000	| 1	|
| IqF	| 1.000	| 0.000	| 0.000	| 1	|
| IqE	| 1.000	| 0.000	| 0.000	| 4	|

| micro	| 0.160	| 0.160	| 0.160	| 376	|
| macro	| 0.646	| 0.111	| 0.063	| 376	|
| w-avg	| 0.491	| 0.160	| 0.091	| 376	|

Confusion matrix: 
|	| PiF	| Var	| Con	| EnumF	| SigmaE	| TypeF	| PiI	| PiE	| SigmaF	| SigmaI	| IqF	| IqE	|
| PiF	| 37	| 27	| 28	| 24	| 32	| 20	| 16	| 21	| 35	| 1	| 1	| 4	|
| Var	| 0	| 0	| 0	| 0	| 0	| 0	| 0	| 0	| 0	| 0	| 0	| 0	|
| Con	| 6	| 14	| 12	| 16	| 3	| 3	| 10	| 14	| 4	| 0	| 0	| 0	|
| EnumF	| 2	| 2	| 2	| 3	| 1	| 1	| 4	| 5	| 1	| 0	| 0	| 0	|
| SigmaE	| 0	| 2	| 3	| 2	| 8	| 0	| 1	| 5	| 5	| 0	| 0	| 0	|
| TypeF	| 0	| 0	| 0	| 0	| 0	| 0	| 0	| 0	| 0	| 0	| 0	| 0	|
| PiI	| 0	| 0	| 0	| 0	| 0	| 0	| 0	| 0	| 0	| 0	| 0	| 0	|
| PiE	| 0	| 0	| 0	| 0	| 0	| 0	| 0	| 0	| 0	| 0	| 0	| 0	|
| SigmaF	| 0	| 0	| 0	| 0	| 1	| 0	| 0	| 0	| 0	| 0	| 0	| 0	|
| SigmaI	| 0	| 0	| 0	| 0	| 0	| 0	| 0	| 0	| 0	| 0	| 0	| 0	|
| IqF	| 0	| 0	| 0	| 0	| 0	| 0	| 0	| 0	| 0	| 0	| 0	| 0	|
| IqE	| 0	| 0	| 0	| 0	| 0	| 0	| 0	| 0	| 0	| 0	| 0	| 0	|

