Scores:
|	| Prec 	| Rec 	| F1 	| Supp 	|
| Var	| 0.396	| 1.000	| 0.567	| 40	|
| Con	| 1.000	| 0.000	| 0.000	| 12	|
| PiE	| 1.000	| 0.000	| 0.000	| 16	|
| PiI	| 1.000	| 0.000	| 0.000	| 4	|
| PiF	| 1.000	| 0.000	| 0.000	| 12	|
| SigmaF	| 1.000	| 0.000	| 0.000	| 2	|
| IqE	| 1.000	| 0.000	| 0.000	| 8	|
| SigmaE	| 1.000	| 0.000	| 0.000	| 6	|
| SigmaI	| 1.000	| 0.000	| 0.000	| 1	|

| micro	| 0.396	| 0.396	| 0.396	| 101	|
| macro	| 0.933	| 0.111	| 0.063	| 101	|
| w-avg	| 0.761	| 0.396	| 0.225	| 101	|

Confusion matrix: 
|	| Var	| Con	| PiE	| PiI	| PiF	| SigmaF	| IqE	| SigmaE	| SigmaI	|
| Var	| 40	| 12	| 16	| 4	| 12	| 2	| 8	| 6	| 1	|
| Con	| 0	| 0	| 0	| 0	| 0	| 0	| 0	| 0	| 0	|
| PiE	| 0	| 0	| 0	| 0	| 0	| 0	| 0	| 0	| 0	|
| PiI	| 0	| 0	| 0	| 0	| 0	| 0	| 0	| 0	| 0	|
| PiF	| 0	| 0	| 0	| 0	| 0	| 0	| 0	| 0	| 0	|
| SigmaF	| 0	| 0	| 0	| 0	| 0	| 0	| 0	| 0	| 0	|
| IqE	| 0	| 0	| 0	| 0	| 0	| 0	| 0	| 0	| 0	|
| SigmaE	| 0	| 0	| 0	| 0	| 0	| 0	| 0	| 0	| 0	|
| SigmaI	| 0	| 0	| 0	| 0	| 0	| 0	| 0	| 0	| 0	|

