Scores:
|	| Prec 	| Rec 	| F1 	| Supp 	|
| Var	| 0.129	| 0.178	| 0.150	| 45	|
| SigmaF	| 0.148	| 0.378	| 0.212	| 45	|
| PiF	| 0.116	| 0.511	| 0.189	| 45	|
| Con	| 1.000	| 0.000	| 0.000	| 45	|
| TypeF	| 1.000	| 0.000	| 0.000	| 24	|
| PiI	| 1.000	| 0.000	| 0.000	| 31	|
| PiE	| 1.000	| 0.000	| 0.000	| 45	|
| SigmaI	| 1.000	| 0.000	| 0.000	| 1	|
| SigmaE	| 1.000	| 0.000	| 0.000	| 45	|
| EnumF	| 1.000	| 0.000	| 0.000	| 45	|
| IqF	| 1.000	| 0.000	| 0.000	| 1	|
| IqE	| 1.000	| 0.000	| 0.000	| 4	|

| micro	| 0.128	| 0.128	| 0.128	| 376	|
| macro	| 0.783	| 0.089	| 0.046	| 376	|
| w-avg	| 0.688	| 0.128	| 0.066	| 376	|

Confusion matrix: 
|	| Var	| SigmaF	| PiF	| Con	| TypeF	| PiI	| PiE	| SigmaI	| SigmaE	| EnumF	| IqF	| IqE	|
| Var	| 8	| 9	| 15	| 7	| 7	| 2	| 2	| 0	| 3	| 9	| 0	| 0	|
| SigmaF	| 14	| 17	| 7	| 20	| 2	| 11	| 19	| 0	| 13	| 12	| 0	| 0	|
| PiF	| 23	| 19	| 23	| 18	| 15	| 18	| 24	| 1	| 29	| 24	| 1	| 4	|
| Con	| 0	| 0	| 0	| 0	| 0	| 0	| 0	| 0	| 0	| 0	| 0	| 0	|
| TypeF	| 0	| 0	| 0	| 0	| 0	| 0	| 0	| 0	| 0	| 0	| 0	| 0	|
| PiI	| 0	| 0	| 0	| 0	| 0	| 0	| 0	| 0	| 0	| 0	| 0	| 0	|
| PiE	| 0	| 0	| 0	| 0	| 0	| 0	| 0	| 0	| 0	| 0	| 0	| 0	|
| SigmaI	| 0	| 0	| 0	| 0	| 0	| 0	| 0	| 0	| 0	| 0	| 0	| 0	|
| SigmaE	| 0	| 0	| 0	| 0	| 0	| 0	| 0	| 0	| 0	| 0	| 0	| 0	|
| EnumF	| 0	| 0	| 0	| 0	| 0	| 0	| 0	| 0	| 0	| 0	| 0	| 0	|
| IqF	| 0	| 0	| 0	| 0	| 0	| 0	| 0	| 0	| 0	| 0	| 0	| 0	|
| IqE	| 0	| 0	| 0	| 0	| 0	| 0	| 0	| 0	| 0	| 0	| 0	| 0	|

