Scores:
|	| Prec 	| Rec 	| F1 	| Supp 	|
| SigmaE	| 0.142	| 0.822	| 0.242	| 45	|
| Var	| 1.000	| 0.000	| 0.000	| 45	|
| Con	| 0.083	| 0.089	| 0.086	| 45	|
| PiF	| 0.300	| 0.133	| 0.185	| 45	|
| PiE	| 0.191	| 0.200	| 0.196	| 45	|
| TypeF	| 1.000	| 0.000	| 0.000	| 24	|
| PiI	| 1.000	| 0.000	| 0.000	| 31	|
| SigmaF	| 1.000	| 0.000	| 0.000	| 45	|
| SigmaI	| 1.000	| 0.000	| 0.000	| 1	|
| EnumF	| 1.000	| 0.000	| 0.000	| 45	|
| IqF	| 1.000	| 0.000	| 0.000	| 1	|
| IqE	| 1.000	| 0.000	| 0.000	| 4	|

| micro	| 0.149	| 0.149	| 0.149	| 376	|
| macro	| 0.726	| 0.104	| 0.059	| 376	|
| w-avg	| 0.607	| 0.149	| 0.085	| 376	|

Confusion matrix: 
|	| SigmaE	| Var	| Con	| PiF	| PiE	| TypeF	| PiI	| SigmaF	| SigmaI	| EnumF	| IqF	| IqE	|
| SigmaE	| 37	| 32	| 30	| 32	| 27	| 16	| 21	| 32	| 1	| 28	| 1	| 4	|
| Var	| 0	| 0	| 0	| 0	| 0	| 0	| 0	| 0	| 0	| 0	| 0	| 0	|
| Con	| 3	| 7	| 4	| 3	| 9	| 1	| 4	| 7	| 0	| 10	| 0	| 0	|
| PiF	| 3	| 1	| 1	| 6	| 0	| 4	| 1	| 2	| 0	| 2	| 0	| 0	|
| PiE	| 2	| 5	| 10	| 4	| 9	| 3	| 5	| 4	| 0	| 5	| 0	| 0	|
| TypeF	| 0	| 0	| 0	| 0	| 0	| 0	| 0	| 0	| 0	| 0	| 0	| 0	|
| PiI	| 0	| 0	| 0	| 0	| 0	| 0	| 0	| 0	| 0	| 0	| 0	| 0	|
| SigmaF	| 0	| 0	| 0	| 0	| 0	| 0	| 0	| 0	| 0	| 0	| 0	| 0	|
| SigmaI	| 0	| 0	| 0	| 0	| 0	| 0	| 0	| 0	| 0	| 0	| 0	| 0	|
| EnumF	| 0	| 0	| 0	| 0	| 0	| 0	| 0	| 0	| 0	| 0	| 0	| 0	|
| IqF	| 0	| 0	| 0	| 0	| 0	| 0	| 0	| 0	| 0	| 0	| 0	| 0	|
| IqE	| 0	| 0	| 0	| 0	| 0	| 0	| 0	| 0	| 0	| 0	| 0	| 0	|

