Scores:
|	| Prec 	| Rec 	| F1 	| Supp 	|
| Var	| 0.936	| 0.978	| 0.957	| 45	|
| SigmaE	| 0.956	| 0.956	| 0.956	| 45	|
| Con	| 0.978	| 0.978	| 0.978	| 45	|
| TypeF	| 1.000	| 1.000	| 1.000	| 24	|
| PiF	| 0.936	| 0.978	| 0.957	| 45	|
| PiI	| 1.000	| 1.000	| 1.000	| 31	|
| PiE	| 0.917	| 0.978	| 0.946	| 45	|
| SigmaF	| 1.000	| 0.911	| 0.953	| 45	|
| SigmaI	| 1.000	| 0.000	| 0.000	| 2	|
| EnumF	| 1.000	| 1.000	| 1.000	| 45	|
| IqF	| 1.000	| 0.500	| 0.667	| 2	|
| IqE	| 1.000	| 1.000	| 1.000	| 5	|

| micro	| 0.966	| 0.966	| 0.966	| 379	|
| macro	| 0.977	| 0.856	| 0.868	| 379	|
| w-avg	| 0.967	| 0.966	| 0.963	| 379	|

Confusion matrix: 
|	| Var	| SigmaE	| Con	| TypeF	| PiF	| PiI	| PiE	| SigmaF	| SigmaI	| EnumF	| IqF	| IqE	|
| Var	| 44	| 1	| 1	| 0	| 0	| 0	| 1	| 0	| 0	| 0	| 0	| 0	|
| SigmaE	| 1	| 43	| 0	| 0	| 0	| 0	| 0	| 0	| 1	| 0	| 0	| 0	|
| Con	| 0	| 0	| 44	| 0	| 1	| 0	| 0	| 0	| 0	| 0	| 0	| 0	|
| TypeF	| 0	| 0	| 0	| 24	| 0	| 0	| 0	| 0	| 0	| 0	| 0	| 0	|
| PiF	| 0	| 0	| 0	| 0	| 44	| 0	| 0	| 3	| 0	| 0	| 0	| 0	|
| PiI	| 0	| 0	| 0	| 0	| 0	| 31	| 0	| 0	| 0	| 0	| 0	| 0	|
| PiE	| 0	| 1	| 0	| 0	| 0	| 0	| 44	| 1	| 1	| 0	| 1	| 0	|
| SigmaF	| 0	| 0	| 0	| 0	| 0	| 0	| 0	| 41	| 0	| 0	| 0	| 0	|
| SigmaI	| 0	| 0	| 0	| 0	| 0	| 0	| 0	| 0	| 0	| 0	| 0	| 0	|
| EnumF	| 0	| 0	| 0	| 0	| 0	| 0	| 0	| 0	| 0	| 45	| 0	| 0	|
| IqF	| 0	| 0	| 0	| 0	| 0	| 0	| 0	| 0	| 0	| 0	| 1	| 0	|
| IqE	| 0	| 0	| 0	| 0	| 0	| 0	| 0	| 0	| 0	| 0	| 0	| 5	|

