Scores:
|	| Prec 	| Rec 	| F1 	| Supp 	|
| PiF	| 0.127	| 0.178	| 0.148	| 45	|
| Var	| 1.000	| 0.000	| 0.000	| 45	|
| SigmaE	| 0.150	| 0.644	| 0.244	| 45	|
| Con	| 0.139	| 0.311	| 0.192	| 45	|
| TypeF	| 0.263	| 0.208	| 0.233	| 24	|
| PiI	| 1.000	| 0.000	| 0.000	| 31	|
| PiE	| 1.000	| 0.000	| 0.000	| 45	|
| SigmaF	| 1.000	| 0.000	| 0.000	| 45	|
| SigmaI	| 1.000	| 0.000	| 0.000	| 1	|
| EnumF	| 1.000	| 0.000	| 0.000	| 45	|
| IqF	| 1.000	| 0.000	| 0.000	| 1	|
| IqE	| 1.000	| 0.000	| 0.000	| 4	|

| micro	| 0.149	| 0.149	| 0.149	| 376	|
| macro	| 0.723	| 0.112	| 0.068	| 376	|
| w-avg	| 0.644	| 0.149	| 0.085	| 376	|

Confusion matrix: 
|	| PiF	| Var	| SigmaE	| Con	| TypeF	| PiI	| PiE	| SigmaF	| SigmaI	| EnumF	| IqF	| IqE	|
| PiF	| 8	| 7	| 4	| 10	| 8	| 7	| 8	| 3	| 1	| 7	| 0	| 0	|
| Var	| 0	| 0	| 0	| 0	| 0	| 0	| 0	| 0	| 0	| 0	| 0	| 0	|
| SigmaE	| 22	| 28	| 29	| 20	| 9	| 13	| 19	| 23	| 0	| 25	| 1	| 4	|
| Con	| 11	| 9	| 11	| 14	| 2	| 9	| 16	| 17	| 0	| 12	| 0	| 0	|
| TypeF	| 4	| 1	| 1	| 1	| 5	| 2	| 2	| 2	| 0	| 1	| 0	| 0	|
| PiI	| 0	| 0	| 0	| 0	| 0	| 0	| 0	| 0	| 0	| 0	| 0	| 0	|
| PiE	| 0	| 0	| 0	| 0	| 0	| 0	| 0	| 0	| 0	| 0	| 0	| 0	|
| SigmaF	| 0	| 0	| 0	| 0	| 0	| 0	| 0	| 0	| 0	| 0	| 0	| 0	|
| SigmaI	| 0	| 0	| 0	| 0	| 0	| 0	| 0	| 0	| 0	| 0	| 0	| 0	|
| EnumF	| 0	| 0	| 0	| 0	| 0	| 0	| 0	| 0	| 0	| 0	| 0	| 0	|
| IqF	| 0	| 0	| 0	| 0	| 0	| 0	| 0	| 0	| 0	| 0	| 0	| 0	|
| IqE	| 0	| 0	| 0	| 0	| 0	| 0	| 0	| 0	| 0	| 0	| 0	| 0	|

