Scores:
|	| Prec 	| Rec 	| F1 	| Supp 	|
| PiF	| 0.152	| 0.822	| 0.257	| 45	|
| Var	| 0.102	| 0.111	| 0.106	| 45	|
| Con	| 0.210	| 0.289	| 0.243	| 45	|
| SigmaE	| 0.227	| 0.111	| 0.149	| 45	|
| TypeF	| 1.000	| 0.000	| 0.000	| 24	|
| PiI	| 1.000	| 0.000	| 0.000	| 31	|
| PiE	| 1.000	| 0.000	| 0.000	| 45	|
| SigmaF	| 1.000	| 0.000	| 0.000	| 45	|
| SigmaI	| 1.000	| 0.000	| 0.000	| 1	|
| EnumF	| 1.000	| 0.000	| 0.000	| 45	|
| IqF	| 1.000	| 0.000	| 0.000	| 1	|
| IqE	| 1.000	| 0.000	| 0.000	| 4	|

| micro	| 0.160	| 0.160	| 0.160	| 376	|
| macro	| 0.724	| 0.111	| 0.063	| 376	|
| w-avg	| 0.604	| 0.160	| 0.090	| 376	|

Confusion matrix: 
|	| PiF	| Var	| Con	| SigmaE	| TypeF	| PiI	| PiE	| SigmaF	| SigmaI	| EnumF	| IqF	| IqE	|
| PiF	| 37	| 27	| 28	| 32	| 19	| 19	| 23	| 28	| 1	| 25	| 0	| 4	|
| Var	| 7	| 5	| 2	| 4	| 3	| 8	| 10	| 5	| 0	| 4	| 1	| 0	|
| Con	| 1	| 10	| 13	| 4	| 1	| 4	| 7	| 8	| 0	| 14	| 0	| 0	|
| SigmaE	| 0	| 3	| 2	| 5	| 1	| 0	| 5	| 4	| 0	| 2	| 0	| 0	|
| TypeF	| 0	| 0	| 0	| 0	| 0	| 0	| 0	| 0	| 0	| 0	| 0	| 0	|
| PiI	| 0	| 0	| 0	| 0	| 0	| 0	| 0	| 0	| 0	| 0	| 0	| 0	|
| PiE	| 0	| 0	| 0	| 0	| 0	| 0	| 0	| 0	| 0	| 0	| 0	| 0	|
| SigmaF	| 0	| 0	| 0	| 0	| 0	| 0	| 0	| 0	| 0	| 0	| 0	| 0	|
| SigmaI	| 0	| 0	| 0	| 0	| 0	| 0	| 0	| 0	| 0	| 0	| 0	| 0	|
| EnumF	| 0	| 0	| 0	| 0	| 0	| 0	| 0	| 0	| 0	| 0	| 0	| 0	|
| IqF	| 0	| 0	| 0	| 0	| 0	| 0	| 0	| 0	| 0	| 0	| 0	| 0	|
| IqE	| 0	| 0	| 0	| 0	| 0	| 0	| 0	| 0	| 0	| 0	| 0	| 0	|

