Scores:
|	| Prec 	| Rec 	| F1 	| Supp 	|
| SigmaE	| 0.163	| 0.689	| 0.264	| 45	|
| Var	| 1.000	| 0.000	| 0.000	| 45	|
| SigmaF	| 0.124	| 0.267	| 0.169	| 45	|
| Con	| 0.164	| 0.267	| 0.203	| 45	|
| PiF	| 0.312	| 0.111	| 0.164	| 45	|
| TypeF	| 1.000	| 0.000	| 0.000	| 24	|
| PiI	| 1.000	| 0.000	| 0.000	| 31	|
| PiE	| 1.000	| 0.000	| 0.000	| 45	|
| SigmaI	| 1.000	| 0.000	| 0.000	| 1	|
| EnumF	| 1.000	| 0.000	| 0.000	| 45	|
| IqF	| 1.000	| 0.000	| 0.000	| 1	|
| IqE	| 1.000	| 0.000	| 0.000	| 4	|

| micro	| 0.160	| 0.160	| 0.160	| 376	|
| macro	| 0.730	| 0.111	| 0.067	| 376	|
| w-avg	| 0.613	| 0.160	| 0.096	| 376	|

Confusion matrix: 
|	| SigmaE	| Var	| SigmaF	| Con	| PiF	| TypeF	| PiI	| PiE	| SigmaI	| EnumF	| IqF	| IqE	|
| SigmaE	| 31	| 23	| 25	| 15	| 23	| 9	| 13	| 22	| 1	| 23	| 1	| 4	|
| Var	| 0	| 0	| 0	| 0	| 0	| 0	| 0	| 0	| 0	| 0	| 0	| 0	|
| SigmaF	| 9	| 12	| 12	| 16	| 11	| 9	| 8	| 8	| 0	| 12	| 0	| 0	|
| Con	| 5	| 10	| 6	| 12	| 6	| 4	| 9	| 12	| 0	| 9	| 0	| 0	|
| PiF	| 0	| 0	| 2	| 2	| 5	| 2	| 1	| 3	| 0	| 1	| 0	| 0	|
| TypeF	| 0	| 0	| 0	| 0	| 0	| 0	| 0	| 0	| 0	| 0	| 0	| 0	|
| PiI	| 0	| 0	| 0	| 0	| 0	| 0	| 0	| 0	| 0	| 0	| 0	| 0	|
| PiE	| 0	| 0	| 0	| 0	| 0	| 0	| 0	| 0	| 0	| 0	| 0	| 0	|
| SigmaI	| 0	| 0	| 0	| 0	| 0	| 0	| 0	| 0	| 0	| 0	| 0	| 0	|
| EnumF	| 0	| 0	| 0	| 0	| 0	| 0	| 0	| 0	| 0	| 0	| 0	| 0	|
| IqF	| 0	| 0	| 0	| 0	| 0	| 0	| 0	| 0	| 0	| 0	| 0	| 0	|
| IqE	| 0	| 0	| 0	| 0	| 0	| 0	| 0	| 0	| 0	| 0	| 0	| 0	|

