Scores:
|	| Prec 	| Rec 	| F1 	| Supp 	|
| Var	| 0.098	| 0.111	| 0.104	| 45	|
| PiF	| 0.154	| 0.822	| 0.259	| 45	|
| EnumF	| 0.150	| 0.200	| 0.171	| 45	|
| Con	| 0.250	| 0.044	| 0.075	| 45	|
| SigmaE	| 0.294	| 0.111	| 0.161	| 45	|
| TypeF	| 1.000	| 0.000	| 0.000	| 24	|
| PiI	| 1.000	| 0.000	| 0.000	| 31	|
| SigmaF	| 0.000	| 0.000	| 0.000	| 45	|
| PiE	| 1.000	| 0.000	| 0.000	| 45	|
| SigmaI	| 1.000	| 0.000	| 0.000	| 2	|
| IqF	| 1.000	| 0.000	| 0.000	| 2	|
| IqE	| 1.000	| 0.000	| 0.000	| 4	|

| micro	| 0.153	| 0.153	| 0.153	| 378	|
| macro	| 0.579	| 0.107	| 0.064	| 378	|
| w-avg	| 0.398	| 0.153	| 0.092	| 378	|

Confusion matrix: 
|	| Var	| PiF	| EnumF	| Con	| SigmaE	| TypeF	| PiI	| SigmaF	| PiE	| SigmaI	| IqF	| IqE	|
| Var	| 5	| 4	| 3	| 8	| 5	| 1	| 2	| 11	| 12	| 0	| 0	| 0	|
| PiF	| 26	| 37	| 28	| 25	| 28	| 20	| 21	| 24	| 24	| 2	| 2	| 4	|
| EnumF	| 9	| 4	| 9	| 7	| 6	| 3	| 7	| 6	| 9	| 0	| 0	| 0	|
| Con	| 1	| 0	| 2	| 2	| 1	| 0	| 0	| 2	| 0	| 0	| 0	| 0	|
| SigmaE	| 4	| 0	| 3	| 3	| 5	| 0	| 0	| 2	| 0	| 0	| 0	| 0	|
| TypeF	| 0	| 0	| 0	| 0	| 0	| 0	| 0	| 0	| 0	| 0	| 0	| 0	|
| PiI	| 0	| 0	| 0	| 0	| 0	| 0	| 0	| 0	| 0	| 0	| 0	| 0	|
| SigmaF	| 0	| 0	| 0	| 0	| 0	| 0	| 1	| 0	| 0	| 0	| 0	| 0	|
| PiE	| 0	| 0	| 0	| 0	| 0	| 0	| 0	| 0	| 0	| 0	| 0	| 0	|
| SigmaI	| 0	| 0	| 0	| 0	| 0	| 0	| 0	| 0	| 0	| 0	| 0	| 0	|
| IqF	| 0	| 0	| 0	| 0	| 0	| 0	| 0	| 0	| 0	| 0	| 0	| 0	|
| IqE	| 0	| 0	| 0	| 0	| 0	| 0	| 0	| 0	| 0	| 0	| 0	| 0	|

