Scores:
|	| Prec 	| Rec 	| F1 	| Supp 	|
| Var	| 0.918	| 0.744	| 0.822	| 90	|
| SigmaE	| 0.864	| 0.989	| 0.922	| 90	|
| Con	| 0.514	| 0.844	| 0.639	| 90	|
| EnumF	| 0.909	| 1.000	| 0.952	| 90	|
| TypeF	| 1.000	| 1.000	| 1.000	| 48	|
| SigmaF	| 0.566	| 1.000	| 0.723	| 90	|
| PiF	| 0.985	| 0.744	| 0.848	| 90	|
| PiI	| 0.667	| 0.581	| 0.621	| 62	|
| PiE	| 1.000	| 0.000	| 0.000	| 90	|
| SigmaI	| 1.000	| 0.000	| 0.000	| 2	|
| IqF	| 1.000	| 0.000	| 0.000	| 2	|
| IqE	| 1.000	| 0.000	| 0.000	| 8	|

| micro	| 0.749	| 0.749	| 0.749	| 752	|
| macro	| 0.869	| 0.575	| 0.544	| 752	|
| w-avg	| 0.824	| 0.749	| 0.702	| 752	|

Confusion matrix: 
|	| Var	| SigmaE	| Con	| EnumF	| TypeF	| SigmaF	| PiF	| PiI	| PiE	| SigmaI	| IqF	| IqE	|
| Var	| 67	| 0	| 6	| 0	| 0	| 0	| 0	| 0	| 0	| 0	| 0	| 0	|
| SigmaE	| 8	| 89	| 6	| 0	| 0	| 0	| 0	| 0	| 0	| 0	| 0	| 0	|
| Con	| 12	| 1	| 76	| 0	| 0	| 0	| 0	| 25	| 31	| 2	| 0	| 1	|
| EnumF	| 3	| 0	| 2	| 90	| 0	| 0	| 0	| 0	| 2	| 0	| 2	| 0	|
| TypeF	| 0	| 0	| 0	| 0	| 48	| 0	| 0	| 0	| 0	| 0	| 0	| 0	|
| SigmaF	| 0	| 0	| 0	| 0	| 0	| 90	| 23	| 0	| 46	| 0	| 0	| 0	|
| PiF	| 0	| 0	| 0	| 0	| 0	| 0	| 67	| 1	| 0	| 0	| 0	| 0	|
| PiI	| 0	| 0	| 0	| 0	| 0	| 0	| 0	| 36	| 11	| 0	| 0	| 7	|
| PiE	| 0	| 0	| 0	| 0	| 0	| 0	| 0	| 0	| 0	| 0	| 0	| 0	|
| SigmaI	| 0	| 0	| 0	| 0	| 0	| 0	| 0	| 0	| 0	| 0	| 0	| 0	|
| IqF	| 0	| 0	| 0	| 0	| 0	| 0	| 0	| 0	| 0	| 0	| 0	| 0	|
| IqE	| 0	| 0	| 0	| 0	| 0	| 0	| 0	| 0	| 0	| 0	| 0	| 0	|

