Scores:
|	| Prec 	| Rec 	| F1 	| Supp 	|
| Var	| 1.000	| 1.000	| 1.000	| 45	|
| Con	| 1.000	| 1.000	| 1.000	| 45	|
| TypeF	| 1.000	| 1.000	| 1.000	| 24	|
| PiF	| 0.955	| 0.933	| 0.944	| 45	|
| SigmaF	| 0.932	| 0.911	| 0.921	| 45	|
| PiI	| 0.912	| 1.000	| 0.954	| 31	|
| PiE	| 0.977	| 0.933	| 0.955	| 45	|
| EnumF	| 0.918	| 1.000	| 0.957	| 45	|
| SigmaI	| 1.000	| 0.500	| 0.667	| 2	|
| SigmaE	| 1.000	| 0.978	| 0.989	| 45	|
| IqF	| 1.000	| 0.500	| 0.667	| 2	|
| IqE	| 1.000	| 1.000	| 1.000	| 5	|

| micro	| 0.966	| 0.966	| 0.966	| 379	|
| macro	| 0.974	| 0.896	| 0.921	| 379	|
| w-avg	| 0.967	| 0.966	| 0.965	| 379	|

Confusion matrix: 
|	| Var	| Con	| TypeF	| PiF	| SigmaF	| PiI	| PiE	| EnumF	| SigmaI	| SigmaE	| IqF	| IqE	|
| Var	| 45	| 0	| 0	| 0	| 0	| 0	| 0	| 0	| 0	| 0	| 0	| 0	|
| Con	| 0	| 45	| 0	| 0	| 0	| 0	| 0	| 0	| 0	| 0	| 0	| 0	|
| TypeF	| 0	| 0	| 24	| 0	| 0	| 0	| 0	| 0	| 0	| 0	| 0	| 0	|
| PiF	| 0	| 0	| 0	| 42	| 1	| 0	| 1	| 0	| 0	| 0	| 0	| 0	|
| SigmaF	| 0	| 0	| 0	| 3	| 41	| 0	| 0	| 0	| 0	| 0	| 0	| 0	|
| PiI	| 0	| 0	| 0	| 0	| 0	| 31	| 2	| 0	| 1	| 0	| 0	| 0	|
| PiE	| 0	| 0	| 0	| 0	| 0	| 0	| 42	| 0	| 0	| 1	| 0	| 0	|
| EnumF	| 0	| 0	| 0	| 0	| 3	| 0	| 0	| 45	| 0	| 0	| 1	| 0	|
| SigmaI	| 0	| 0	| 0	| 0	| 0	| 0	| 0	| 0	| 1	| 0	| 0	| 0	|
| SigmaE	| 0	| 0	| 0	| 0	| 0	| 0	| 0	| 0	| 0	| 44	| 0	| 0	|
| IqF	| 0	| 0	| 0	| 0	| 0	| 0	| 0	| 0	| 0	| 0	| 1	| 0	|
| IqE	| 0	| 0	| 0	| 0	| 0	| 0	| 0	| 0	| 0	| 0	| 0	| 5	|

