Scores:
|	| Prec 	| Rec 	| F1 	| Supp 	|
| EnumF	| 0.250	| 0.133	| 0.174	| 45	|
| Var	| 1.000	| 0.000	| 0.000	| 45	|
| Con	| 0.083	| 0.089	| 0.086	| 45	|
| SigmaE	| 0.166	| 0.778	| 0.273	| 45	|
| TypeF	| 0.222	| 0.083	| 0.121	| 24	|
| PiE	| 0.070	| 0.067	| 0.068	| 45	|
| PiF	| 0.182	| 0.178	| 0.180	| 45	|
| PiI	| 1.000	| 0.000	| 0.000	| 31	|
| SigmaF	| 1.000	| 0.000	| 0.000	| 45	|
| SigmaI	| 1.000	| 0.000	| 0.000	| 2	|
| IqF	| 1.000	| 0.000	| 0.000	| 2	|
| IqE	| 1.000	| 0.000	| 0.000	| 5	|

| micro	| 0.153	| 0.153	| 0.153	| 379	|
| macro	| 0.581	| 0.111	| 0.075	| 379	|
| w-avg	| 0.446	| 0.153	| 0.100	| 379	|

Confusion matrix: 
|	| EnumF	| Var	| Con	| SigmaE	| TypeF	| PiE	| PiF	| PiI	| SigmaF	| SigmaI	| IqF	| IqE	|
| EnumF	| 6	| 3	| 3	| 1	| 2	| 5	| 3	| 0	| 1	| 0	| 0	| 0	|
| Var	| 0	| 0	| 0	| 0	| 0	| 0	| 0	| 0	| 0	| 0	| 0	| 0	|
| Con	| 9	| 6	| 4	| 2	| 1	| 11	| 4	| 4	| 6	| 0	| 1	| 0	|
| SigmaE	| 20	| 25	| 28	| 35	| 12	| 19	| 23	| 13	| 28	| 2	| 1	| 5	|
| TypeF	| 2	| 1	| 1	| 0	| 2	| 0	| 2	| 1	| 0	| 0	| 0	| 0	|
| PiE	| 3	| 7	| 4	| 2	| 1	| 3	| 5	| 12	| 6	| 0	| 0	| 0	|
| PiF	| 5	| 3	| 5	| 5	| 6	| 7	| 8	| 1	| 4	| 0	| 0	| 0	|
| PiI	| 0	| 0	| 0	| 0	| 0	| 0	| 0	| 0	| 0	| 0	| 0	| 0	|
| SigmaF	| 0	| 0	| 0	| 0	| 0	| 0	| 0	| 0	| 0	| 0	| 0	| 0	|
| SigmaI	| 0	| 0	| 0	| 0	| 0	| 0	| 0	| 0	| 0	| 0	| 0	| 0	|
| IqF	| 0	| 0	| 0	| 0	| 0	| 0	| 0	| 0	| 0	| 0	| 0	| 0	|
| IqE	| 0	| 0	| 0	| 0	| 0	| 0	| 0	| 0	| 0	| 0	| 0	| 0	|

