Scores:
|	| Prec 	| Rec 	| F1 	| Supp 	|
| Var	| 0.977	| 0.933	| 0.955	| 45	|
| Con	| 0.978	| 1.000	| 0.989	| 45	|
| PiE	| 0.913	| 0.933	| 0.923	| 45	|
| PiF	| 0.978	| 0.978	| 0.978	| 45	|
| TypeF	| 1.000	| 1.000	| 1.000	| 24	|
| SigmaF	| 0.956	| 0.956	| 0.956	| 45	|
| PiI	| 0.882	| 0.968	| 0.923	| 31	|
| IqE	| 0.833	| 1.000	| 0.909	| 5	|
| SigmaI	| 1.000	| 0.000	| 0.000	| 2	|
| SigmaE	| 1.000	| 0.978	| 0.989	| 45	|
| EnumF	| 1.000	| 1.000	| 1.000	| 45	|
| IqF	| 1.000	| 0.500	| 0.667	| 2	|

| micro	| 0.963	| 0.963	| 0.963	| 379	|
| macro	| 0.960	| 0.854	| 0.857	| 379	|
| w-avg	| 0.965	| 0.963	| 0.960	| 379	|

Confusion matrix: 
|	| Var	| Con	| PiE	| PiF	| TypeF	| SigmaF	| PiI	| IqE	| SigmaI	| SigmaE	| EnumF	| IqF	|
| Var	| 42	| 0	| 0	| 0	| 0	| 0	| 0	| 0	| 1	| 0	| 0	| 0	|
| Con	| 1	| 45	| 0	| 0	| 0	| 0	| 0	| 0	| 0	| 0	| 0	| 0	|
| PiE	| 1	| 0	| 42	| 0	| 0	| 2	| 0	| 0	| 0	| 0	| 0	| 1	|
| PiF	| 1	| 0	| 0	| 44	| 0	| 0	| 0	| 0	| 0	| 0	| 0	| 0	|
| TypeF	| 0	| 0	| 0	| 0	| 24	| 0	| 0	| 0	| 0	| 0	| 0	| 0	|
| SigmaF	| 0	| 0	| 1	| 1	| 0	| 43	| 0	| 0	| 0	| 0	| 0	| 0	|
| PiI	| 0	| 0	| 2	| 0	| 0	| 0	| 30	| 0	| 1	| 1	| 0	| 0	|
| IqE	| 0	| 0	| 0	| 0	| 0	| 0	| 1	| 5	| 0	| 0	| 0	| 0	|
| SigmaI	| 0	| 0	| 0	| 0	| 0	| 0	| 0	| 0	| 0	| 0	| 0	| 0	|
| SigmaE	| 0	| 0	| 0	| 0	| 0	| 0	| 0	| 0	| 0	| 44	| 0	| 0	|
| EnumF	| 0	| 0	| 0	| 0	| 0	| 0	| 0	| 0	| 0	| 0	| 45	| 0	|
| IqF	| 0	| 0	| 0	| 0	| 0	| 0	| 0	| 0	| 0	| 0	| 0	| 1	|

