Scores:
|	| Prec 	| Rec 	| F1 	| Supp 	|
| SigmaE	| 0.153	| 0.644	| 0.247	| 45	|
| Var	| 0.158	| 0.200	| 0.176	| 45	|
| PiE	| 0.088	| 0.067	| 0.076	| 45	|
| PiF	| 0.213	| 0.356	| 0.267	| 45	|
| TypeF	| 0.231	| 0.125	| 0.162	| 24	|
| Con	| 0.000	| 0.000	| 0.000	| 45	|
| PiI	| 1.000	| 0.000	| 0.000	| 31	|
| SigmaF	| 1.000	| 0.000	| 0.000	| 45	|
| SigmaI	| 1.000	| 0.000	| 0.000	| 1	|
| EnumF	| 1.000	| 0.000	| 0.000	| 45	|
| IqF	| 1.000	| 0.000	| 0.000	| 1	|
| IqE	| 1.000	| 0.000	| 0.000	| 4	|

| micro	| 0.160	| 0.160	| 0.160	| 376	|
| macro	| 0.570	| 0.116	| 0.077	| 376	|
| w-avg	| 0.426	| 0.160	| 0.102	| 376	|

Confusion matrix: 
|	| SigmaE	| Var	| PiE	| PiF	| TypeF	| Con	| PiI	| SigmaF	| SigmaI	| EnumF	| IqF	| IqE	|
| SigmaE	| 29	| 23	| 25	| 20	| 6	| 13	| 17	| 27	| 1	| 24	| 1	| 4	|
| Var	| 5	| 9	| 9	| 2	| 0	| 13	| 5	| 8	| 0	| 6	| 0	| 0	|
| PiE	| 4	| 3	| 3	| 3	| 3	| 9	| 3	| 1	| 0	| 5	| 0	| 0	|
| PiF	| 4	| 9	| 7	| 16	| 12	| 9	| 4	| 6	| 0	| 8	| 0	| 0	|
| TypeF	| 1	| 1	| 0	| 4	| 3	| 1	| 2	| 1	| 0	| 0	| 0	| 0	|
| Con	| 2	| 0	| 1	| 0	| 0	| 0	| 0	| 2	| 0	| 2	| 0	| 0	|
| PiI	| 0	| 0	| 0	| 0	| 0	| 0	| 0	| 0	| 0	| 0	| 0	| 0	|
| SigmaF	| 0	| 0	| 0	| 0	| 0	| 0	| 0	| 0	| 0	| 0	| 0	| 0	|
| SigmaI	| 0	| 0	| 0	| 0	| 0	| 0	| 0	| 0	| 0	| 0	| 0	| 0	|
| EnumF	| 0	| 0	| 0	| 0	| 0	| 0	| 0	| 0	| 0	| 0	| 0	| 0	|
| IqF	| 0	| 0	| 0	| 0	| 0	| 0	| 0	| 0	| 0	| 0	| 0	| 0	|
| IqE	| 0	| 0	| 0	| 0	| 0	| 0	| 0	| 0	| 0	| 0	| 0	| 0	|

