Scores:
|	| Prec 	| Rec 	| F1 	| Supp 	|
| Var	| 0.967	| 0.967	| 0.967	| 90	|
| PiF	| 0.946	| 0.967	| 0.956	| 90	|
| IqE	| 0.727	| 1.000	| 0.842	| 8	|
| SigmaE	| 0.978	| 1.000	| 0.989	| 90	|
| Con	| 1.000	| 0.600	| 0.750	| 90	|
| PiE	| 0.697	| 0.922	| 0.794	| 90	|
| TypeF	| 1.000	| 1.000	| 1.000	| 48	|
| SigmaF	| 0.925	| 0.956	| 0.940	| 90	|
| PiI	| 0.939	| 1.000	| 0.969	| 62	|
| EnumF	| 0.977	| 0.956	| 0.966	| 90	|
| SigmaI	| 1.000	| 0.000	| 0.000	| 3	|
| IqF	| 1.000	| 0.333	| 0.500	| 3	|

| micro	| 0.918	| 0.918	| 0.918	| 754	|
| macro	| 0.930	| 0.808	| 0.806	| 754	|
| w-avg	| 0.931	| 0.918	| 0.914	| 754	|

Confusion matrix: 
|	| Var	| PiF	| IqE	| SigmaE	| Con	| PiE	| TypeF	| SigmaF	| PiI	| EnumF	| SigmaI	| IqF	|
| Var	| 87	| 0	| 0	| 0	| 2	| 0	| 0	| 0	| 0	| 0	| 1	| 0	|
| PiF	| 1	| 87	| 0	| 0	| 2	| 0	| 0	| 1	| 0	| 1	| 0	| 0	|
| IqE	| 1	| 0	| 8	| 0	| 1	| 0	| 0	| 0	| 0	| 0	| 1	| 0	|
| SigmaE	| 1	| 0	| 0	| 90	| 0	| 1	| 0	| 0	| 0	| 0	| 0	| 0	|
| Con	| 0	| 0	| 0	| 0	| 54	| 0	| 0	| 0	| 0	| 0	| 0	| 0	|
| PiE	| 0	| 1	| 0	| 0	| 31	| 83	| 0	| 2	| 0	| 1	| 0	| 1	|
| TypeF	| 0	| 0	| 0	| 0	| 0	| 0	| 48	| 0	| 0	| 0	| 0	| 0	|
| SigmaF	| 0	| 2	| 0	| 0	| 0	| 3	| 0	| 86	| 0	| 2	| 0	| 0	|
| PiI	| 0	| 0	| 0	| 0	| 0	| 3	| 0	| 0	| 62	| 0	| 1	| 0	|
| EnumF	| 0	| 0	| 0	| 0	| 0	| 0	| 0	| 1	| 0	| 86	| 0	| 1	|
| SigmaI	| 0	| 0	| 0	| 0	| 0	| 0	| 0	| 0	| 0	| 0	| 0	| 0	|
| IqF	| 0	| 0	| 0	| 0	| 0	| 0	| 0	| 0	| 0	| 0	| 0	| 1	|

