Scores:
|	| Prec 	| Rec 	| F1 	| Supp 	|
| Var	| 0.766	| 0.911	| 0.832	| 90	|
| PiE	| 0.889	| 0.889	| 0.889	| 90	|
| Con	| 0.904	| 0.733	| 0.810	| 90	|
| PiF	| 0.704	| 0.900	| 0.790	| 90	|
| PiI	| 0.806	| 0.935	| 0.866	| 62	|
| TypeF	| 1.000	| 0.625	| 0.769	| 48	|
| SigmaF	| 0.735	| 0.956	| 0.831	| 90	|
| SigmaI	| 1.000	| 0.000	| 0.000	| 3	|
| SigmaE	| 1.000	| 0.978	| 0.989	| 90	|
| EnumF	| 0.984	| 0.678	| 0.803	| 90	|
| IqF	| 1.000	| 0.000	| 0.000	| 3	|
| IqE	| 1.000	| 0.000	| 0.000	| 8	|

| micro	| 0.838	| 0.838	| 0.838	| 754	|
| macro	| 0.899	| 0.634	| 0.632	| 754	|
| w-avg	| 0.863	| 0.838	| 0.830	| 754	|

Confusion matrix: 
|	| Var	| PiE	| Con	| PiF	| PiI	| TypeF	| SigmaF	| SigmaI	| SigmaE	| EnumF	| IqF	| IqE	|
| Var	| 82	| 0	| 15	| 0	| 1	| 0	| 0	| 2	| 0	| 0	| 0	| 7	|
| PiE	| 1	| 80	| 0	| 0	| 1	| 0	| 3	| 1	| 0	| 1	| 2	| 1	|
| Con	| 5	| 2	| 66	| 0	| 0	| 0	| 0	| 0	| 0	| 0	| 0	| 0	|
| PiF	| 1	| 0	| 2	| 81	| 2	| 18	| 1	| 0	| 2	| 8	| 0	| 0	|
| PiI	| 1	| 3	| 7	| 0	| 58	| 0	| 0	| 0	| 0	| 3	| 0	| 0	|
| TypeF	| 0	| 0	| 0	| 0	| 0	| 30	| 0	| 0	| 0	| 0	| 0	| 0	|
| SigmaF	| 0	| 5	| 0	| 9	| 0	| 0	| 86	| 0	| 0	| 17	| 0	| 0	|
| SigmaI	| 0	| 0	| 0	| 0	| 0	| 0	| 0	| 0	| 0	| 0	| 0	| 0	|
| SigmaE	| 0	| 0	| 0	| 0	| 0	| 0	| 0	| 0	| 88	| 0	| 0	| 0	|
| EnumF	| 0	| 0	| 0	| 0	| 0	| 0	| 0	| 0	| 0	| 61	| 1	| 0	|
| IqF	| 0	| 0	| 0	| 0	| 0	| 0	| 0	| 0	| 0	| 0	| 0	| 0	|
| IqE	| 0	| 0	| 0	| 0	| 0	| 0	| 0	| 0	| 0	| 0	| 0	| 0	|

