Scores:
|	| Prec 	| Rec 	| F1 	| Supp 	|
| PiE	| 0.127	| 0.756	| 0.218	| 45	|
| Var	| 1.000	| 0.000	| 0.000	| 45	|
| PiF	| 0.208	| 0.244	| 0.224	| 45	|
| Con	| 0.057	| 0.044	| 0.050	| 45	|
| SigmaE	| 0.143	| 0.067	| 0.091	| 45	|
| TypeF	| 1.000	| 0.000	| 0.000	| 24	|
| PiI	| 1.000	| 0.000	| 0.000	| 31	|
| SigmaF	| 1.000	| 0.000	| 0.000	| 45	|
| SigmaI	| 1.000	| 0.000	| 0.000	| 1	|
| EnumF	| 1.000	| 0.000	| 0.000	| 45	|
| IqF	| 1.000	| 0.000	| 0.000	| 1	|
| IqE	| 1.000	| 0.000	| 0.000	| 4	|

| micro	| 0.133	| 0.133	| 0.133	| 376	|
| macro	| 0.711	| 0.093	| 0.049	| 376	|
| w-avg	| 0.585	| 0.133	| 0.070	| 376	|

Confusion matrix: 
|	| PiE	| Var	| PiF	| Con	| SigmaE	| TypeF	| PiI	| SigmaF	| SigmaI	| EnumF	| IqF	| IqE	|
| PiE	| 34	| 27	| 30	| 36	| 32	| 12	| 23	| 33	| 1	| 34	| 1	| 4	|
| Var	| 0	| 0	| 0	| 0	| 0	| 0	| 0	| 0	| 0	| 0	| 0	| 0	|
| PiF	| 4	| 8	| 11	| 4	| 7	| 7	| 5	| 2	| 0	| 5	| 0	| 0	|
| Con	| 5	| 7	| 3	| 2	| 3	| 5	| 2	| 6	| 0	| 2	| 0	| 0	|
| SigmaE	| 2	| 3	| 1	| 3	| 3	| 0	| 1	| 4	| 0	| 4	| 0	| 0	|
| TypeF	| 0	| 0	| 0	| 0	| 0	| 0	| 0	| 0	| 0	| 0	| 0	| 0	|
| PiI	| 0	| 0	| 0	| 0	| 0	| 0	| 0	| 0	| 0	| 0	| 0	| 0	|
| SigmaF	| 0	| 0	| 0	| 0	| 0	| 0	| 0	| 0	| 0	| 0	| 0	| 0	|
| SigmaI	| 0	| 0	| 0	| 0	| 0	| 0	| 0	| 0	| 0	| 0	| 0	| 0	|
| EnumF	| 0	| 0	| 0	| 0	| 0	| 0	| 0	| 0	| 0	| 0	| 0	| 0	|
| IqF	| 0	| 0	| 0	| 0	| 0	| 0	| 0	| 0	| 0	| 0	| 0	| 0	|
| IqE	| 0	| 0	| 0	| 0	| 0	| 0	| 0	| 0	| 0	| 0	| 0	| 0	|

