Scores:
|	| Prec 	| Rec 	| F1 	| Supp 	|
| Var	| 0.109	| 0.444	| 0.175	| 45	|
| PiF	| 0.123	| 0.156	| 0.137	| 45	|
| SigmaE	| 0.320	| 0.178	| 0.229	| 45	|
| TypeF	| 0.150	| 0.125	| 0.136	| 24	|
| PiE	| 0.125	| 0.089	| 0.104	| 45	|
| Con	| 0.207	| 0.267	| 0.233	| 45	|
| PiI	| 1.000	| 0.000	| 0.000	| 31	|
| SigmaF	| 1.000	| 0.000	| 0.000	| 45	|
| SigmaI	| 1.000	| 0.000	| 0.000	| 1	|
| EnumF	| 1.000	| 0.000	| 0.000	| 45	|
| IqF	| 1.000	| 0.000	| 0.000	| 1	|
| IqE	| 1.000	| 0.000	| 0.000	| 4	|

| micro	| 0.144	| 0.144	| 0.144	| 376	|
| macro	| 0.586	| 0.105	| 0.084	| 376	|
| w-avg	| 0.453	| 0.144	| 0.114	| 376	|

Confusion matrix: 
|	| Var	| PiF	| SigmaE	| TypeF	| PiE	| Con	| PiI	| SigmaF	| SigmaI	| EnumF	| IqF	| IqE	|
| Var	| 20	| 29	| 23	| 10	| 20	| 17	| 17	| 21	| 1	| 22	| 0	| 4	|
| PiF	| 8	| 7	| 8	| 6	| 4	| 5	| 4	| 8	| 0	| 7	| 0	| 0	|
| SigmaE	| 6	| 0	| 8	| 2	| 3	| 1	| 1	| 1	| 0	| 3	| 0	| 0	|
| TypeF	| 2	| 4	| 1	| 3	| 2	| 3	| 1	| 1	| 0	| 3	| 0	| 0	|
| PiE	| 6	| 3	| 1	| 1	| 4	| 7	| 4	| 5	| 0	| 1	| 0	| 0	|
| Con	| 3	| 2	| 4	| 2	| 12	| 12	| 4	| 9	| 0	| 9	| 1	| 0	|
| PiI	| 0	| 0	| 0	| 0	| 0	| 0	| 0	| 0	| 0	| 0	| 0	| 0	|
| SigmaF	| 0	| 0	| 0	| 0	| 0	| 0	| 0	| 0	| 0	| 0	| 0	| 0	|
| SigmaI	| 0	| 0	| 0	| 0	| 0	| 0	| 0	| 0	| 0	| 0	| 0	| 0	|
| EnumF	| 0	| 0	| 0	| 0	| 0	| 0	| 0	| 0	| 0	| 0	| 0	| 0	|
| IqF	| 0	| 0	| 0	| 0	| 0	| 0	| 0	| 0	| 0	| 0	| 0	| 0	|
| IqE	| 0	| 0	| 0	| 0	| 0	| 0	| 0	| 0	| 0	| 0	| 0	| 0	|

