Scores:
|	| Prec 	| Rec 	| F1 	| Supp 	|
| Var	| 0.211	| 0.089	| 0.125	| 45	|
| PiF	| 0.149	| 0.800	| 0.252	| 45	|
| Con	| 0.214	| 0.467	| 0.294	| 45	|
| SigmaE	| 0.333	| 0.133	| 0.190	| 45	|
| TypeF	| 1.000	| 0.000	| 0.000	| 24	|
| PiI	| 1.000	| 0.000	| 0.000	| 31	|
| PiE	| 1.000	| 0.000	| 0.000	| 45	|
| SigmaF	| 1.000	| 0.000	| 0.000	| 45	|
| SigmaI	| 1.000	| 0.000	| 0.000	| 1	|
| EnumF	| 1.000	| 0.000	| 0.000	| 45	|
| IqF	| 1.000	| 0.000	| 0.000	| 1	|
| IqE	| 1.000	| 0.000	| 0.000	| 4	|

| micro	| 0.178	| 0.178	| 0.178	| 376	|
| macro	| 0.742	| 0.124	| 0.072	| 376	|
| w-avg	| 0.630	| 0.178	| 0.103	| 376	|

Confusion matrix: 
|	| Var	| PiF	| Con	| SigmaE	| TypeF	| PiI	| PiE	| SigmaF	| SigmaI	| EnumF	| IqF	| IqE	|
| Var	| 4	| 6	| 1	| 0	| 1	| 0	| 3	| 1	| 0	| 3	| 0	| 0	|
| PiF	| 21	| 36	| 19	| 35	| 19	| 23	| 25	| 29	| 1	| 28	| 1	| 4	|
| Con	| 17	| 3	| 21	| 4	| 4	| 8	| 15	| 14	| 0	| 12	| 0	| 0	|
| SigmaE	| 3	| 0	| 4	| 6	| 0	| 0	| 2	| 1	| 0	| 2	| 0	| 0	|
| TypeF	| 0	| 0	| 0	| 0	| 0	| 0	| 0	| 0	| 0	| 0	| 0	| 0	|
| PiI	| 0	| 0	| 0	| 0	| 0	| 0	| 0	| 0	| 0	| 0	| 0	| 0	|
| PiE	| 0	| 0	| 0	| 0	| 0	| 0	| 0	| 0	| 0	| 0	| 0	| 0	|
| SigmaF	| 0	| 0	| 0	| 0	| 0	| 0	| 0	| 0	| 0	| 0	| 0	| 0	|
| SigmaI	| 0	| 0	| 0	| 0	| 0	| 0	| 0	| 0	| 0	| 0	| 0	| 0	|
| EnumF	| 0	| 0	| 0	| 0	| 0	| 0	| 0	| 0	| 0	| 0	| 0	| 0	|
| IqF	| 0	| 0	| 0	| 0	| 0	| 0	| 0	| 0	| 0	| 0	| 0	| 0	|
| IqE	| 0	| 0	| 0	| 0	| 0	| 0	| 0	| 0	| 0	| 0	| 0	| 0	|

