Scores:
|	| Prec 	| Rec 	| F1 	| Supp 	|
| SigmaE	| 0.168	| 0.822	| 0.279	| 45	|
| Var	| 1.000	| 0.000	| 0.000	| 45	|
| PiF	| 0.167	| 0.244	| 0.198	| 45	|
| PiE	| 0.171	| 0.156	| 0.163	| 45	|
| Con	| 0.135	| 0.156	| 0.144	| 45	|
| TypeF	| 1.000	| 0.000	| 0.000	| 24	|
| PiI	| 1.000	| 0.000	| 0.000	| 31	|
| SigmaF	| 1.000	| 0.000	| 0.000	| 45	|
| SigmaI	| 1.000	| 0.000	| 0.000	| 2	|
| EnumF	| 1.000	| 0.000	| 0.000	| 45	|
| IqF	| 1.000	| 0.000	| 0.000	| 2	|
| IqE	| 1.000	| 0.000	| 0.000	| 5	|

| micro	| 0.164	| 0.164	| 0.164	| 379	|
| macro	| 0.720	| 0.115	| 0.065	| 379	|
| w-avg	| 0.601	| 0.164	| 0.093	| 379	|

Confusion matrix: 
|	| SigmaE	| Var	| PiF	| PiE	| Con	| TypeF	| PiI	| SigmaF	| SigmaI	| EnumF	| IqF	| IqE	|
| SigmaE	| 37	| 28	| 23	| 20	| 28	| 11	| 16	| 24	| 2	| 24	| 2	| 5	|
| Var	| 0	| 0	| 0	| 0	| 0	| 0	| 0	| 0	| 0	| 0	| 0	| 0	|
| PiF	| 5	| 5	| 11	| 9	| 5	| 8	| 6	| 9	| 0	| 8	| 0	| 0	|
| PiE	| 2	| 8	| 4	| 7	| 5	| 1	| 1	| 8	| 0	| 5	| 0	| 0	|
| Con	| 1	| 4	| 7	| 9	| 7	| 4	| 8	| 4	| 0	| 8	| 0	| 0	|
| TypeF	| 0	| 0	| 0	| 0	| 0	| 0	| 0	| 0	| 0	| 0	| 0	| 0	|
| PiI	| 0	| 0	| 0	| 0	| 0	| 0	| 0	| 0	| 0	| 0	| 0	| 0	|
| SigmaF	| 0	| 0	| 0	| 0	| 0	| 0	| 0	| 0	| 0	| 0	| 0	| 0	|
| SigmaI	| 0	| 0	| 0	| 0	| 0	| 0	| 0	| 0	| 0	| 0	| 0	| 0	|
| EnumF	| 0	| 0	| 0	| 0	| 0	| 0	| 0	| 0	| 0	| 0	| 0	| 0	|
| IqF	| 0	| 0	| 0	| 0	| 0	| 0	| 0	| 0	| 0	| 0	| 0	| 0	|
| IqE	| 0	| 0	| 0	| 0	| 0	| 0	| 0	| 0	| 0	| 0	| 0	| 0	|

