Scores:
|	| Prec 	| Rec 	| F1 	| Supp 	|
| SigmaE	| 0.130	| 0.644	| 0.216	| 45	|
| Var	| 0.167	| 0.200	| 0.182	| 45	|
| PiF	| 0.200	| 0.200	| 0.200	| 45	|
| TypeF	| 0.182	| 0.083	| 0.114	| 24	|
| Con	| 0.178	| 0.178	| 0.178	| 45	|
| PiI	| 1.000	| 0.000	| 0.000	| 31	|
| PiE	| 1.000	| 0.000	| 0.000	| 45	|
| SigmaF	| 1.000	| 0.000	| 0.000	| 45	|
| SigmaI	| 1.000	| 0.000	| 0.000	| 2	|
| EnumF	| 1.000	| 0.000	| 0.000	| 45	|
| IqF	| 1.000	| 0.000	| 0.000	| 2	|
| IqE	| 1.000	| 0.000	| 0.000	| 4	|

| micro	| 0.151	| 0.151	| 0.151	| 378	|
| macro	| 0.655	| 0.109	| 0.074	| 378	|
| w-avg	| 0.552	| 0.151	| 0.100	| 378	|

Confusion matrix: 
|	| SigmaE	| Var	| PiF	| TypeF	| Con	| PiI	| PiE	| SigmaF	| SigmaI	| EnumF	| IqF	| IqE	|
| SigmaE	| 29	| 22	| 27	| 9	| 25	| 18	| 24	| 31	| 2	| 30	| 2	| 4	|
| Var	| 7	| 9	| 5	| 4	| 9	| 7	| 3	| 5	| 0	| 5	| 0	| 0	|
| PiF	| 5	| 7	| 9	| 8	| 3	| 1	| 4	| 4	| 0	| 4	| 0	| 0	|
| TypeF	| 1	| 2	| 2	| 2	| 0	| 1	| 1	| 2	| 0	| 0	| 0	| 0	|
| Con	| 3	| 5	| 2	| 1	| 8	| 4	| 13	| 3	| 0	| 6	| 0	| 0	|
| PiI	| 0	| 0	| 0	| 0	| 0	| 0	| 0	| 0	| 0	| 0	| 0	| 0	|
| PiE	| 0	| 0	| 0	| 0	| 0	| 0	| 0	| 0	| 0	| 0	| 0	| 0	|
| SigmaF	| 0	| 0	| 0	| 0	| 0	| 0	| 0	| 0	| 0	| 0	| 0	| 0	|
| SigmaI	| 0	| 0	| 0	| 0	| 0	| 0	| 0	| 0	| 0	| 0	| 0	| 0	|
| EnumF	| 0	| 0	| 0	| 0	| 0	| 0	| 0	| 0	| 0	| 0	| 0	| 0	|
| IqF	| 0	| 0	| 0	| 0	| 0	| 0	| 0	| 0	| 0	| 0	| 0	| 0	|
| IqE	| 0	| 0	| 0	| 0	| 0	| 0	| 0	| 0	| 0	| 0	| 0	| 0	|

