Scores:
|	| Prec 	| Rec 	| F1 	| Supp 	|
| SigmaE	| 0.145	| 0.778	| 0.244	| 45	|
| Var	| 1.000	| 0.000	| 0.000	| 45	|
| Con	| 0.133	| 0.311	| 0.187	| 45	|
| PiF	| 0.188	| 0.133	| 0.156	| 45	|
| TypeF	| 1.000	| 0.000	| 0.000	| 24	|
| PiI	| 1.000	| 0.000	| 0.000	| 31	|
| PiE	| 1.000	| 0.000	| 0.000	| 45	|
| SigmaF	| 1.000	| 0.000	| 0.000	| 45	|
| SigmaI	| 1.000	| 0.000	| 0.000	| 2	|
| EnumF	| 1.000	| 0.000	| 0.000	| 45	|
| IqF	| 1.000	| 0.000	| 0.000	| 2	|
| IqE	| 1.000	| 0.000	| 0.000	| 5	|

| micro	| 0.145	| 0.145	| 0.145	| 379	|
| macro	| 0.789	| 0.102	| 0.049	| 379	|
| w-avg	| 0.699	| 0.145	| 0.070	| 379	|

Confusion matrix: 
|	| SigmaE	| Var	| Con	| PiF	| TypeF	| PiI	| PiE	| SigmaF	| SigmaI	| EnumF	| IqF	| IqE	|
| SigmaE	| 35	| 30	| 27	| 31	| 16	| 21	| 20	| 27	| 2	| 26	| 2	| 5	|
| Var	| 0	| 0	| 0	| 0	| 0	| 0	| 0	| 0	| 0	| 0	| 0	| 0	|
| Con	| 9	| 14	| 14	| 8	| 3	| 9	| 17	| 15	| 0	| 16	| 0	| 0	|
| PiF	| 1	| 1	| 4	| 6	| 5	| 1	| 8	| 3	| 0	| 3	| 0	| 0	|
| TypeF	| 0	| 0	| 0	| 0	| 0	| 0	| 0	| 0	| 0	| 0	| 0	| 0	|
| PiI	| 0	| 0	| 0	| 0	| 0	| 0	| 0	| 0	| 0	| 0	| 0	| 0	|
| PiE	| 0	| 0	| 0	| 0	| 0	| 0	| 0	| 0	| 0	| 0	| 0	| 0	|
| SigmaF	| 0	| 0	| 0	| 0	| 0	| 0	| 0	| 0	| 0	| 0	| 0	| 0	|
| SigmaI	| 0	| 0	| 0	| 0	| 0	| 0	| 0	| 0	| 0	| 0	| 0	| 0	|
| EnumF	| 0	| 0	| 0	| 0	| 0	| 0	| 0	| 0	| 0	| 0	| 0	| 0	|
| IqF	| 0	| 0	| 0	| 0	| 0	| 0	| 0	| 0	| 0	| 0	| 0	| 0	|
| IqE	| 0	| 0	| 0	| 0	| 0	| 0	| 0	| 0	| 0	| 0	| 0	| 0	|

