Scores:
|	| Prec 	| Rec 	| F1 	| Supp 	|
| PiF	| 0.150	| 0.822	| 0.253	| 45	|
| Var	| 1.000	| 0.000	| 0.000	| 45	|
| Con	| 0.163	| 0.178	| 0.170	| 45	|
| PiE	| 0.138	| 0.178	| 0.155	| 45	|
| SigmaE	| 0.381	| 0.178	| 0.242	| 45	|
| TypeF	| 1.000	| 0.000	| 0.000	| 24	|
| PiI	| 1.000	| 0.000	| 0.000	| 31	|
| SigmaF	| 0.000	| 0.000	| 0.000	| 45	|
| SigmaI	| 1.000	| 0.000	| 0.000	| 1	|
| EnumF	| 1.000	| 0.000	| 0.000	| 45	|
| IqF	| 1.000	| 0.000	| 0.000	| 1	|
| IqE	| 1.000	| 0.000	| 0.000	| 4	|

| micro	| 0.162	| 0.162	| 0.162	| 376	|
| macro	| 0.653	| 0.113	| 0.068	| 376	|
| w-avg	| 0.501	| 0.162	| 0.098	| 376	|

Confusion matrix: 
|	| PiF	| Var	| Con	| PiE	| SigmaE	| TypeF	| PiI	| SigmaF	| SigmaI	| EnumF	| IqF	| IqE	|
| PiF	| 37	| 28	| 26	| 26	| 28	| 19	| 18	| 27	| 1	| 33	| 0	| 4	|
| Var	| 0	| 0	| 0	| 0	| 0	| 0	| 0	| 0	| 0	| 0	| 0	| 0	|
| Con	| 1	| 4	| 8	| 9	| 5	| 1	| 4	| 8	| 0	| 8	| 1	| 0	|
| PiE	| 6	| 7	| 8	| 8	| 3	| 4	| 9	| 9	| 0	| 4	| 0	| 0	|
| SigmaE	| 1	| 6	| 3	| 2	| 8	| 0	| 0	| 1	| 0	| 0	| 0	| 0	|
| TypeF	| 0	| 0	| 0	| 0	| 0	| 0	| 0	| 0	| 0	| 0	| 0	| 0	|
| PiI	| 0	| 0	| 0	| 0	| 0	| 0	| 0	| 0	| 0	| 0	| 0	| 0	|
| SigmaF	| 0	| 0	| 0	| 0	| 1	| 0	| 0	| 0	| 0	| 0	| 0	| 0	|
| SigmaI	| 0	| 0	| 0	| 0	| 0	| 0	| 0	| 0	| 0	| 0	| 0	| 0	|
| EnumF	| 0	| 0	| 0	| 0	| 0	| 0	| 0	| 0	| 0	| 0	| 0	| 0	|
| IqF	| 0	| 0	| 0	| 0	| 0	| 0	| 0	| 0	| 0	| 0	| 0	| 0	|
| IqE	| 0	| 0	| 0	| 0	| 0	| 0	| 0	| 0	| 0	| 0	| 0	| 0	|

