Scores:
|	| Prec 	| Rec 	| F1 	| Supp 	|
| SigmaE	| 0.180	| 0.822	| 0.295	| 45	|
| Var	| 1.000	| 0.000	| 0.000	| 45	|
| Con	| 0.172	| 0.556	| 0.263	| 45	|
| EnumF	| 0.292	| 0.156	| 0.203	| 45	|
| TypeF	| 1.000	| 0.000	| 0.000	| 24	|
| PiF	| 1.000	| 0.000	| 0.000	| 45	|
| SigmaF	| 0.000	| 0.000	| 0.000	| 45	|
| PiI	| 1.000	| 0.000	| 0.000	| 31	|
| PiE	| 1.000	| 0.000	| 0.000	| 45	|
| SigmaI	| 1.000	| 0.000	| 0.000	| 1	|
| IqF	| 1.000	| 0.000	| 0.000	| 1	|
| IqE	| 1.000	| 0.000	| 0.000	| 4	|

| micro	| 0.184	| 0.184	| 0.184	| 376	|
| macro	| 0.720	| 0.128	| 0.063	| 376	|
| w-avg	| 0.598	| 0.184	| 0.091	| 376	|

Confusion matrix: 
|	| SigmaE	| Var	| Con	| EnumF	| TypeF	| PiF	| SigmaF	| PiI	| PiE	| SigmaI	| IqF	| IqE	|
| SigmaE	| 37	| 21	| 19	| 18	| 8	| 27	| 30	| 19	| 21	| 1	| 1	| 4	|
| Var	| 0	| 0	| 0	| 0	| 0	| 0	| 0	| 0	| 0	| 0	| 0	| 0	|
| Con	| 7	| 20	| 25	| 20	| 13	| 16	| 11	| 11	| 22	| 0	| 0	| 0	|
| EnumF	| 1	| 4	| 1	| 7	| 3	| 1	| 4	| 1	| 2	| 0	| 0	| 0	|
| TypeF	| 0	| 0	| 0	| 0	| 0	| 0	| 0	| 0	| 0	| 0	| 0	| 0	|
| PiF	| 0	| 0	| 0	| 0	| 0	| 0	| 0	| 0	| 0	| 0	| 0	| 0	|
| SigmaF	| 0	| 0	| 0	| 0	| 0	| 1	| 0	| 0	| 0	| 0	| 0	| 0	|
| PiI	| 0	| 0	| 0	| 0	| 0	| 0	| 0	| 0	| 0	| 0	| 0	| 0	|
| PiE	| 0	| 0	| 0	| 0	| 0	| 0	| 0	| 0	| 0	| 0	| 0	| 0	|
| SigmaI	| 0	| 0	| 0	| 0	| 0	| 0	| 0	| 0	| 0	| 0	| 0	| 0	|
| IqF	| 0	| 0	| 0	| 0	| 0	| 0	| 0	| 0	| 0	| 0	| 0	| 0	|
| IqE	| 0	| 0	| 0	| 0	| 0	| 0	| 0	| 0	| 0	| 0	| 0	| 0	|

