Scores:
|	| Prec 	| Rec 	| F1 	| Supp 	|
| SigmaE	| 0.353	| 0.133	| 0.194	| 45	|
| Var	| 1.000	| 0.000	| 0.000	| 45	|
| PiF	| 0.139	| 0.800	| 0.237	| 45	|
| PiE	| 0.119	| 0.156	| 0.135	| 45	|
| Con	| 0.073	| 0.067	| 0.070	| 45	|
| TypeF	| 1.000	| 0.000	| 0.000	| 24	|
| PiI	| 1.000	| 0.000	| 0.000	| 31	|
| SigmaF	| 1.000	| 0.000	| 0.000	| 45	|
| SigmaI	| 1.000	| 0.000	| 0.000	| 1	|
| EnumF	| 1.000	| 0.000	| 0.000	| 45	|
| IqF	| 1.000	| 0.000	| 0.000	| 1	|
| IqE	| 1.000	| 0.000	| 0.000	| 4	|

| micro	| 0.138	| 0.138	| 0.138	| 376	|
| macro	| 0.724	| 0.096	| 0.053	| 376	|
| w-avg	| 0.603	| 0.138	| 0.076	| 376	|

Confusion matrix: 
|	| SigmaE	| Var	| PiF	| PiE	| Con	| TypeF	| PiI	| SigmaF	| SigmaI	| EnumF	| IqF	| IqE	|
| SigmaE	| 6	| 2	| 0	| 3	| 2	| 0	| 0	| 0	| 0	| 4	| 0	| 0	|
| Var	| 0	| 0	| 0	| 0	| 0	| 0	| 0	| 0	| 0	| 0	| 0	| 0	|
| PiF	| 31	| 32	| 36	| 34	| 24	| 17	| 22	| 31	| 1	| 26	| 1	| 4	|
| PiE	| 6	| 7	| 3	| 7	| 16	| 3	| 6	| 6	| 0	| 5	| 0	| 0	|
| Con	| 2	| 4	| 6	| 1	| 3	| 4	| 3	| 8	| 0	| 10	| 0	| 0	|
| TypeF	| 0	| 0	| 0	| 0	| 0	| 0	| 0	| 0	| 0	| 0	| 0	| 0	|
| PiI	| 0	| 0	| 0	| 0	| 0	| 0	| 0	| 0	| 0	| 0	| 0	| 0	|
| SigmaF	| 0	| 0	| 0	| 0	| 0	| 0	| 0	| 0	| 0	| 0	| 0	| 0	|
| SigmaI	| 0	| 0	| 0	| 0	| 0	| 0	| 0	| 0	| 0	| 0	| 0	| 0	|
| EnumF	| 0	| 0	| 0	| 0	| 0	| 0	| 0	| 0	| 0	| 0	| 0	| 0	|
| IqF	| 0	| 0	| 0	| 0	| 0	| 0	| 0	| 0	| 0	| 0	| 0	| 0	|
| IqE	| 0	| 0	| 0	| 0	| 0	| 0	| 0	| 0	| 0	| 0	| 0	| 0	|

