Scores:
|	| Prec 	| Rec 	| F1 	| Supp 	|
| SigmaE	| 0.150	| 0.756	| 0.251	| 45	|
| Var	| 1.000	| 0.000	| 0.000	| 45	|
| Con	| 0.160	| 0.356	| 0.221	| 45	|
| PiF	| 0.209	| 0.200	| 0.205	| 45	|
| TypeF	| 0.300	| 0.125	| 0.176	| 24	|
| PiI	| 1.000	| 0.000	| 0.000	| 31	|
| PiE	| 1.000	| 0.000	| 0.000	| 45	|
| SigmaF	| 1.000	| 0.000	| 0.000	| 45	|
| SigmaI	| 1.000	| 0.000	| 0.000	| 2	|
| EnumF	| 1.000	| 0.000	| 0.000	| 45	|
| IqF	| 1.000	| 0.000	| 0.000	| 2	|
| IqE	| 1.000	| 0.000	| 0.000	| 5	|

| micro	| 0.164	| 0.164	| 0.164	| 379	|
| macro	| 0.735	| 0.120	| 0.071	| 379	|
| w-avg	| 0.661	| 0.164	| 0.091	| 379	|

Confusion matrix: 
|	| SigmaE	| Var	| Con	| PiF	| TypeF	| PiI	| PiE	| SigmaF	| SigmaI	| EnumF	| IqF	| IqE	|
| SigmaE	| 34	| 21	| 22	| 29	| 12	| 16	| 26	| 28	| 2	| 29	| 2	| 5	|
| Var	| 0	| 0	| 0	| 0	| 0	| 0	| 0	| 0	| 0	| 0	| 0	| 0	|
| Con	| 4	| 21	| 16	| 5	| 3	| 12	| 14	| 13	| 0	| 12	| 0	| 0	|
| PiF	| 7	| 3	| 5	| 9	| 6	| 1	| 5	| 3	| 0	| 4	| 0	| 0	|
| TypeF	| 0	| 0	| 2	| 2	| 3	| 2	| 0	| 1	| 0	| 0	| 0	| 0	|
| PiI	| 0	| 0	| 0	| 0	| 0	| 0	| 0	| 0	| 0	| 0	| 0	| 0	|
| PiE	| 0	| 0	| 0	| 0	| 0	| 0	| 0	| 0	| 0	| 0	| 0	| 0	|
| SigmaF	| 0	| 0	| 0	| 0	| 0	| 0	| 0	| 0	| 0	| 0	| 0	| 0	|
| SigmaI	| 0	| 0	| 0	| 0	| 0	| 0	| 0	| 0	| 0	| 0	| 0	| 0	|
| EnumF	| 0	| 0	| 0	| 0	| 0	| 0	| 0	| 0	| 0	| 0	| 0	| 0	|
| IqF	| 0	| 0	| 0	| 0	| 0	| 0	| 0	| 0	| 0	| 0	| 0	| 0	|
| IqE	| 0	| 0	| 0	| 0	| 0	| 0	| 0	| 0	| 0	| 0	| 0	| 0	|

