Scores:
|	| Prec 	| Rec 	| F1 	| Supp 	|
| SigmaE	| 0.127	| 0.711	| 0.216	| 45	|
| Var	| 0.312	| 0.111	| 0.164	| 45	|
| Con	| 0.191	| 0.200	| 0.196	| 45	|
| SigmaF	| 0.078	| 0.089	| 0.083	| 45	|
| PiF	| 0.357	| 0.111	| 0.169	| 45	|
| TypeF	| 1.000	| 0.000	| 0.000	| 24	|
| PiI	| 1.000	| 0.000	| 0.000	| 31	|
| PiE	| 1.000	| 0.000	| 0.000	| 45	|
| SigmaI	| 1.000	| 0.000	| 0.000	| 2	|
| EnumF	| 1.000	| 0.000	| 0.000	| 45	|
| IqF	| 1.000	| 0.000	| 0.000	| 2	|
| IqE	| 1.000	| 0.000	| 0.000	| 5	|

| micro	| 0.145	| 0.145	| 0.145	| 379	|
| macro	| 0.672	| 0.102	| 0.069	| 379	|
| w-avg	| 0.533	| 0.145	| 0.098	| 379	|

Confusion matrix: 
|	| SigmaE	| Var	| Con	| SigmaF	| PiF	| TypeF	| PiI	| PiE	| SigmaI	| EnumF	| IqF	| IqE	|
| SigmaE	| 32	| 29	| 22	| 32	| 34	| 15	| 20	| 26	| 2	| 32	| 2	| 5	|
| Var	| 0	| 5	| 2	| 2	| 3	| 2	| 0	| 0	| 0	| 2	| 0	| 0	|
| Con	| 6	| 6	| 9	| 4	| 2	| 3	| 3	| 10	| 0	| 4	| 0	| 0	|
| SigmaF	| 7	| 5	| 11	| 4	| 1	| 2	| 6	| 8	| 0	| 7	| 0	| 0	|
| PiF	| 0	| 0	| 1	| 3	| 5	| 2	| 2	| 1	| 0	| 0	| 0	| 0	|
| TypeF	| 0	| 0	| 0	| 0	| 0	| 0	| 0	| 0	| 0	| 0	| 0	| 0	|
| PiI	| 0	| 0	| 0	| 0	| 0	| 0	| 0	| 0	| 0	| 0	| 0	| 0	|
| PiE	| 0	| 0	| 0	| 0	| 0	| 0	| 0	| 0	| 0	| 0	| 0	| 0	|
| SigmaI	| 0	| 0	| 0	| 0	| 0	| 0	| 0	| 0	| 0	| 0	| 0	| 0	|
| EnumF	| 0	| 0	| 0	| 0	| 0	| 0	| 0	| 0	| 0	| 0	| 0	| 0	|
| IqF	| 0	| 0	| 0	| 0	| 0	| 0	| 0	| 0	| 0	| 0	| 0	| 0	|
| IqE	| 0	| 0	| 0	| 0	| 0	| 0	| 0	| 0	| 0	| 0	| 0	| 0	|

