Scores:
|	| Prec 	| Rec 	| F1 	| Supp 	|
| Con	| 0.198	| 0.444	| 0.274	| 45	|
| Var	| 1.000	| 0.000	| 0.000	| 45	|
| SigmaE	| 0.164	| 0.733	| 0.268	| 45	|
| PiF	| 0.149	| 0.244	| 0.185	| 45	|
| TypeF	| 1.000	| 0.000	| 0.000	| 24	|
| PiI	| 1.000	| 0.000	| 0.000	| 31	|
| PiE	| 1.000	| 0.000	| 0.000	| 45	|
| SigmaF	| 1.000	| 0.000	| 0.000	| 45	|
| SigmaI	| 1.000	| 0.000	| 0.000	| 1	|
| EnumF	| 1.000	| 0.000	| 0.000	| 45	|
| IqF	| 1.000	| 0.000	| 0.000	| 1	|
| IqE	| 1.000	| 0.000	| 0.000	| 4	|

| micro	| 0.170	| 0.170	| 0.170	| 376	|
| macro	| 0.793	| 0.119	| 0.061	| 376	|
| w-avg	| 0.702	| 0.170	| 0.087	| 376	|

Confusion matrix: 
|	| Con	| Var	| SigmaE	| PiF	| TypeF	| PiI	| PiE	| SigmaF	| SigmaI	| EnumF	| IqF	| IqE	|
| Con	| 20	| 15	| 5	| 5	| 5	| 7	| 14	| 17	| 0	| 12	| 1	| 0	|
| Var	| 0	| 0	| 0	| 0	| 0	| 0	| 0	| 0	| 0	| 0	| 0	| 0	|
| SigmaE	| 15	| 23	| 33	| 29	| 9	| 15	| 26	| 20	| 1	| 26	| 0	| 4	|
| PiF	| 10	| 7	| 7	| 11	| 10	| 9	| 5	| 8	| 0	| 7	| 0	| 0	|
| TypeF	| 0	| 0	| 0	| 0	| 0	| 0	| 0	| 0	| 0	| 0	| 0	| 0	|
| PiI	| 0	| 0	| 0	| 0	| 0	| 0	| 0	| 0	| 0	| 0	| 0	| 0	|
| PiE	| 0	| 0	| 0	| 0	| 0	| 0	| 0	| 0	| 0	| 0	| 0	| 0	|
| SigmaF	| 0	| 0	| 0	| 0	| 0	| 0	| 0	| 0	| 0	| 0	| 0	| 0	|
| SigmaI	| 0	| 0	| 0	| 0	| 0	| 0	| 0	| 0	| 0	| 0	| 0	| 0	|
| EnumF	| 0	| 0	| 0	| 0	| 0	| 0	| 0	| 0	| 0	| 0	| 0	| 0	|
| IqF	| 0	| 0	| 0	| 0	| 0	| 0	| 0	| 0	| 0	| 0	| 0	| 0	|
| IqE	| 0	| 0	| 0	| 0	| 0	| 0	| 0	| 0	| 0	| 0	| 0	| 0	|

