Scores:
|	| Prec 	| Rec 	| F1 	| Supp 	|
| Var	| 1.000	| 1.000	| 1.000	| 45	|
| Con	| 0.977	| 0.956	| 0.966	| 45	|
| PiE	| 0.977	| 0.933	| 0.955	| 45	|
| PiF	| 0.938	| 1.000	| 0.968	| 45	|
| TypeF	| 1.000	| 1.000	| 1.000	| 24	|
| PiI	| 0.912	| 1.000	| 0.954	| 31	|
| SigmaF	| 0.978	| 0.978	| 0.978	| 45	|
| SigmaI	| 1.000	| 0.500	| 0.667	| 2	|
| SigmaE	| 1.000	| 1.000	| 1.000	| 45	|
| EnumF	| 1.000	| 0.978	| 0.989	| 45	|
| IqF	| 1.000	| 1.000	| 1.000	| 2	|
| IqE	| 1.000	| 0.800	| 0.889	| 5	|

| micro	| 0.976	| 0.976	| 0.976	| 379	|
| macro	| 0.982	| 0.929	| 0.947	| 379	|
| w-avg	| 0.977	| 0.976	| 0.976	| 379	|

Confusion matrix: 
|	| Var	| Con	| PiE	| PiF	| TypeF	| PiI	| SigmaF	| SigmaI	| SigmaE	| EnumF	| IqF	| IqE	|
| Var	| 45	| 0	| 0	| 0	| 0	| 0	| 0	| 0	| 0	| 0	| 0	| 0	|
| Con	| 0	| 43	| 1	| 0	| 0	| 0	| 0	| 0	| 0	| 0	| 0	| 0	|
| PiE	| 0	| 1	| 42	| 0	| 0	| 0	| 0	| 0	| 0	| 0	| 0	| 0	|
| PiF	| 0	| 1	| 0	| 45	| 0	| 0	| 1	| 0	| 0	| 1	| 0	| 0	|
| TypeF	| 0	| 0	| 0	| 0	| 24	| 0	| 0	| 0	| 0	| 0	| 0	| 0	|
| PiI	| 0	| 0	| 1	| 0	| 0	| 31	| 0	| 1	| 0	| 0	| 0	| 1	|
| SigmaF	| 0	| 0	| 1	| 0	| 0	| 0	| 44	| 0	| 0	| 0	| 0	| 0	|
| SigmaI	| 0	| 0	| 0	| 0	| 0	| 0	| 0	| 1	| 0	| 0	| 0	| 0	|
| SigmaE	| 0	| 0	| 0	| 0	| 0	| 0	| 0	| 0	| 45	| 0	| 0	| 0	|
| EnumF	| 0	| 0	| 0	| 0	| 0	| 0	| 0	| 0	| 0	| 44	| 0	| 0	|
| IqF	| 0	| 0	| 0	| 0	| 0	| 0	| 0	| 0	| 0	| 0	| 2	| 0	|
| IqE	| 0	| 0	| 0	| 0	| 0	| 0	| 0	| 0	| 0	| 0	| 0	| 4	|

