Scores:
|	| Prec 	| Rec 	| F1 	| Supp 	|
| SigmaE	| 0.145	| 0.756	| 0.243	| 45	|
| Var	| 1.000	| 0.000	| 0.000	| 45	|
| PiF	| 0.208	| 0.222	| 0.215	| 45	|
| PiE	| 0.151	| 0.311	| 0.203	| 45	|
| Con	| 1.000	| 0.000	| 0.000	| 45	|
| TypeF	| 1.000	| 0.000	| 0.000	| 24	|
| PiI	| 1.000	| 0.000	| 0.000	| 31	|
| SigmaF	| 1.000	| 0.000	| 0.000	| 45	|
| SigmaI	| 1.000	| 0.000	| 0.000	| 1	|
| EnumF	| 1.000	| 0.000	| 0.000	| 45	|
| IqF	| 1.000	| 0.000	| 0.000	| 1	|
| IqE	| 1.000	| 0.000	| 0.000	| 4	|

| micro	| 0.154	| 0.154	| 0.154	| 376	|
| macro	| 0.792	| 0.107	| 0.055	| 376	|
| w-avg	| 0.701	| 0.154	| 0.079	| 376	|

Confusion matrix: 
|	| SigmaE	| Var	| PiF	| PiE	| Con	| TypeF	| PiI	| SigmaF	| SigmaI	| EnumF	| IqF	| IqE	|
| SigmaE	| 34	| 24	| 26	| 27	| 27	| 10	| 20	| 30	| 1	| 31	| 1	| 4	|
| Var	| 0	| 0	| 0	| 0	| 0	| 0	| 0	| 0	| 0	| 0	| 0	| 0	|
| PiF	| 2	| 11	| 10	| 4	| 4	| 5	| 4	| 3	| 0	| 5	| 0	| 0	|
| PiE	| 9	| 10	| 9	| 14	| 14	| 9	| 7	| 12	| 0	| 9	| 0	| 0	|
| Con	| 0	| 0	| 0	| 0	| 0	| 0	| 0	| 0	| 0	| 0	| 0	| 0	|
| TypeF	| 0	| 0	| 0	| 0	| 0	| 0	| 0	| 0	| 0	| 0	| 0	| 0	|
| PiI	| 0	| 0	| 0	| 0	| 0	| 0	| 0	| 0	| 0	| 0	| 0	| 0	|
| SigmaF	| 0	| 0	| 0	| 0	| 0	| 0	| 0	| 0	| 0	| 0	| 0	| 0	|
| SigmaI	| 0	| 0	| 0	| 0	| 0	| 0	| 0	| 0	| 0	| 0	| 0	| 0	|
| EnumF	| 0	| 0	| 0	| 0	| 0	| 0	| 0	| 0	| 0	| 0	| 0	| 0	|
| IqF	| 0	| 0	| 0	| 0	| 0	| 0	| 0	| 0	| 0	| 0	| 0	| 0	|
| IqE	| 0	| 0	| 0	| 0	| 0	| 0	| 0	| 0	| 0	| 0	| 0	| 0	|

