Scores:
|	| Prec 	| Rec 	| F1 	| Supp 	|
| SigmaE	| 0.153	| 0.689	| 0.251	| 45	|
| Var	| 0.132	| 0.111	| 0.120	| 45	|
| PiE	| 0.088	| 0.111	| 0.098	| 45	|
| PiF	| 0.220	| 0.289	| 0.250	| 45	|
| EnumF	| 0.130	| 0.067	| 0.088	| 45	|
| Con	| 1.000	| 0.000	| 0.000	| 45	|
| TypeF	| 1.000	| 0.000	| 0.000	| 24	|
| PiI	| 1.000	| 0.000	| 0.000	| 31	|
| SigmaF	| 1.000	| 0.000	| 0.000	| 45	|
| SigmaI	| 1.000	| 0.000	| 0.000	| 2	|
| IqF	| 1.000	| 0.000	| 0.000	| 2	|
| IqE	| 1.000	| 0.000	| 0.000	| 5	|

| micro	| 0.150	| 0.150	| 0.150	| 379	|
| macro	| 0.644	| 0.106	| 0.067	| 379	|
| w-avg	| 0.492	| 0.150	| 0.096	| 379	|

Confusion matrix: 
|	| SigmaE	| Var	| PiE	| PiF	| EnumF	| Con	| TypeF	| PiI	| SigmaF	| SigmaI	| IqF	| IqE	|
| SigmaE	| 31	| 26	| 26	| 24	| 23	| 19	| 7	| 18	| 19	| 2	| 2	| 5	|
| Var	| 3	| 5	| 4	| 4	| 5	| 9	| 2	| 4	| 2	| 0	| 0	| 0	|
| PiE	| 3	| 9	| 5	| 0	| 10	| 11	| 3	| 4	| 12	| 0	| 0	| 0	|
| PiF	| 7	| 2	| 10	| 13	| 4	| 5	| 7	| 5	| 6	| 0	| 0	| 0	|
| EnumF	| 1	| 3	| 0	| 4	| 3	| 1	| 5	| 0	| 6	| 0	| 0	| 0	|
| Con	| 0	| 0	| 0	| 0	| 0	| 0	| 0	| 0	| 0	| 0	| 0	| 0	|
| TypeF	| 0	| 0	| 0	| 0	| 0	| 0	| 0	| 0	| 0	| 0	| 0	| 0	|
| PiI	| 0	| 0	| 0	| 0	| 0	| 0	| 0	| 0	| 0	| 0	| 0	| 0	|
| SigmaF	| 0	| 0	| 0	| 0	| 0	| 0	| 0	| 0	| 0	| 0	| 0	| 0	|
| SigmaI	| 0	| 0	| 0	| 0	| 0	| 0	| 0	| 0	| 0	| 0	| 0	| 0	|
| IqF	| 0	| 0	| 0	| 0	| 0	| 0	| 0	| 0	| 0	| 0	| 0	| 0	|
| IqE	| 0	| 0	| 0	| 0	| 0	| 0	| 0	| 0	| 0	| 0	| 0	| 0	|

