Scores:
|	| Prec 	| Rec 	| F1 	| Supp 	|
| PiF	| 0.141	| 0.667	| 0.233	| 45	|
| Var	| 1.000	| 0.000	| 0.000	| 45	|
| TypeF	| 0.167	| 0.375	| 0.231	| 24	|
| PiE	| 0.121	| 0.244	| 0.162	| 45	|
| SigmaE	| 0.333	| 0.133	| 0.190	| 45	|
| Con	| 1.000	| 0.000	| 0.000	| 45	|
| PiI	| 1.000	| 0.000	| 0.000	| 31	|
| SigmaF	| 1.000	| 0.000	| 0.000	| 45	|
| SigmaI	| 1.000	| 0.000	| 0.000	| 1	|
| EnumF	| 1.000	| 0.000	| 0.000	| 45	|
| IqF	| 1.000	| 0.000	| 0.000	| 1	|
| IqE	| 1.000	| 0.000	| 0.000	| 4	|

| micro	| 0.149	| 0.149	| 0.149	| 376	|
| macro	| 0.730	| 0.118	| 0.068	| 376	|
| w-avg	| 0.659	| 0.149	| 0.085	| 376	|

Confusion matrix: 
|	| PiF	| Var	| TypeF	| PiE	| SigmaE	| Con	| PiI	| SigmaF	| SigmaI	| EnumF	| IqF	| IqE	|
| PiF	| 30	| 25	| 8	| 21	| 25	| 22	| 20	| 22	| 0	| 35	| 1	| 4	|
| Var	| 0	| 0	| 0	| 0	| 0	| 0	| 0	| 0	| 0	| 0	| 0	| 0	|
| TypeF	| 10	| 5	| 9	| 9	| 7	| 5	| 3	| 3	| 1	| 2	| 0	| 0	|
| PiE	| 4	| 11	| 7	| 11	| 7	| 17	| 8	| 18	| 0	| 8	| 0	| 0	|
| SigmaE	| 1	| 4	| 0	| 4	| 6	| 1	| 0	| 2	| 0	| 0	| 0	| 0	|
| Con	| 0	| 0	| 0	| 0	| 0	| 0	| 0	| 0	| 0	| 0	| 0	| 0	|
| PiI	| 0	| 0	| 0	| 0	| 0	| 0	| 0	| 0	| 0	| 0	| 0	| 0	|
| SigmaF	| 0	| 0	| 0	| 0	| 0	| 0	| 0	| 0	| 0	| 0	| 0	| 0	|
| SigmaI	| 0	| 0	| 0	| 0	| 0	| 0	| 0	| 0	| 0	| 0	| 0	| 0	|
| EnumF	| 0	| 0	| 0	| 0	| 0	| 0	| 0	| 0	| 0	| 0	| 0	| 0	|
| IqF	| 0	| 0	| 0	| 0	| 0	| 0	| 0	| 0	| 0	| 0	| 0	| 0	|
| IqE	| 0	| 0	| 0	| 0	| 0	| 0	| 0	| 0	| 0	| 0	| 0	| 0	|

