Scores:
|	| Prec 	| Rec 	| F1 	| Supp 	|
| PiF	| 0.146	| 0.933	| 0.253	| 45	|
| Var	| 1.000	| 0.000	| 0.000	| 45	|
| Con	| 0.231	| 0.067	| 0.103	| 45	|
| EnumF	| 0.150	| 0.200	| 0.171	| 45	|
| SigmaE	| 0.316	| 0.133	| 0.188	| 45	|
| TypeF	| 1.000	| 0.000	| 0.000	| 24	|
| PiI	| 1.000	| 0.000	| 0.000	| 31	|
| PiE	| 1.000	| 0.000	| 0.000	| 45	|
| SigmaF	| 1.000	| 0.000	| 0.000	| 45	|
| SigmaI	| 1.000	| 0.000	| 0.000	| 2	|
| IqF	| 1.000	| 0.000	| 0.000	| 2	|
| IqE	| 1.000	| 0.000	| 0.000	| 5	|

| micro	| 0.158	| 0.158	| 0.158	| 379	|
| macro	| 0.737	| 0.111	| 0.060	| 379	|
| w-avg	| 0.625	| 0.158	| 0.085	| 379	|

Confusion matrix: 
|	| PiF	| Var	| Con	| EnumF	| SigmaE	| TypeF	| PiI	| PiE	| SigmaF	| SigmaI	| IqF	| IqE	|
| PiF	| 42	| 36	| 29	| 29	| 36	| 20	| 28	| 26	| 33	| 2	| 1	| 5	|
| Var	| 0	| 0	| 0	| 0	| 0	| 0	| 0	| 0	| 0	| 0	| 0	| 0	|
| Con	| 1	| 2	| 3	| 0	| 0	| 0	| 0	| 3	| 4	| 0	| 0	| 0	|
| EnumF	| 2	| 6	| 10	| 9	| 3	| 4	| 3	| 15	| 7	| 0	| 1	| 0	|
| SigmaE	| 0	| 1	| 3	| 7	| 6	| 0	| 0	| 1	| 1	| 0	| 0	| 0	|
| TypeF	| 0	| 0	| 0	| 0	| 0	| 0	| 0	| 0	| 0	| 0	| 0	| 0	|
| PiI	| 0	| 0	| 0	| 0	| 0	| 0	| 0	| 0	| 0	| 0	| 0	| 0	|
| PiE	| 0	| 0	| 0	| 0	| 0	| 0	| 0	| 0	| 0	| 0	| 0	| 0	|
| SigmaF	| 0	| 0	| 0	| 0	| 0	| 0	| 0	| 0	| 0	| 0	| 0	| 0	|
| SigmaI	| 0	| 0	| 0	| 0	| 0	| 0	| 0	| 0	| 0	| 0	| 0	| 0	|
| IqF	| 0	| 0	| 0	| 0	| 0	| 0	| 0	| 0	| 0	| 0	| 0	| 0	|
| IqE	| 0	| 0	| 0	| 0	| 0	| 0	| 0	| 0	| 0	| 0	| 0	| 0	|

