Scores:
|	| Prec 	| Rec 	| F1 	| Supp 	|
| PiF	| 0.153	| 0.800	| 0.256	| 45	|
| Var	| 0.128	| 0.133	| 0.130	| 45	|
| Con	| 0.203	| 0.267	| 0.231	| 45	|
| SigmaE	| 0.304	| 0.156	| 0.206	| 45	|
| TypeF	| 0.385	| 0.208	| 0.270	| 24	|
| PiI	| 1.000	| 0.000	| 0.000	| 31	|
| PiE	| 1.000	| 0.000	| 0.000	| 45	|
| SigmaF	| 1.000	| 0.000	| 0.000	| 45	|
| SigmaI	| 1.000	| 0.000	| 0.000	| 2	|
| EnumF	| 1.000	| 0.000	| 0.000	| 45	|
| IqF	| 1.000	| 0.000	| 0.000	| 2	|
| IqE	| 1.000	| 0.000	| 0.000	| 4	|

| micro	| 0.175	| 0.175	| 0.175	| 378	|
| macro	| 0.681	| 0.130	| 0.091	| 378	|
| w-avg	| 0.579	| 0.175	| 0.115	| 378	|

Confusion matrix: 
|	| PiF	| Var	| Con	| SigmaE	| TypeF	| PiI	| PiE	| SigmaF	| SigmaI	| EnumF	| IqF	| IqE	|
| PiF	| 36	| 31	| 22	| 30	| 15	| 21	| 25	| 23	| 2	| 25	| 2	| 4	|
| Var	| 5	| 6	| 9	| 4	| 3	| 2	| 4	| 8	| 0	| 6	| 0	| 0	|
| Con	| 2	| 6	| 12	| 3	| 1	| 5	| 10	| 11	| 0	| 9	| 0	| 0	|
| SigmaE	| 0	| 2	| 2	| 7	| 0	| 2	| 6	| 3	| 0	| 1	| 0	| 0	|
| TypeF	| 2	| 0	| 0	| 1	| 5	| 1	| 0	| 0	| 0	| 4	| 0	| 0	|
| PiI	| 0	| 0	| 0	| 0	| 0	| 0	| 0	| 0	| 0	| 0	| 0	| 0	|
| PiE	| 0	| 0	| 0	| 0	| 0	| 0	| 0	| 0	| 0	| 0	| 0	| 0	|
| SigmaF	| 0	| 0	| 0	| 0	| 0	| 0	| 0	| 0	| 0	| 0	| 0	| 0	|
| SigmaI	| 0	| 0	| 0	| 0	| 0	| 0	| 0	| 0	| 0	| 0	| 0	| 0	|
| EnumF	| 0	| 0	| 0	| 0	| 0	| 0	| 0	| 0	| 0	| 0	| 0	| 0	|
| IqF	| 0	| 0	| 0	| 0	| 0	| 0	| 0	| 0	| 0	| 0	| 0	| 0	|
| IqE	| 0	| 0	| 0	| 0	| 0	| 0	| 0	| 0	| 0	| 0	| 0	| 0	|

