Scores:
|	| Prec 	| Rec 	| F1 	| Supp 	|
| PiF	| 0.132	| 0.156	| 0.143	| 45	|
| Var	| 1.000	| 0.000	| 0.000	| 45	|
| SigmaE	| 0.143	| 0.667	| 0.235	| 45	|
| EnumF	| 0.106	| 0.244	| 0.148	| 45	|
| Con	| 0.222	| 0.044	| 0.074	| 45	|
| TypeF	| 1.000	| 0.000	| 0.000	| 24	|
| PiI	| 1.000	| 0.000	| 0.000	| 31	|
| PiE	| 1.000	| 0.000	| 0.000	| 45	|
| SigmaF	| 1.000	| 0.000	| 0.000	| 45	|
| SigmaI	| 1.000	| 0.000	| 0.000	| 1	|
| IqF	| 1.000	| 0.000	| 0.000	| 1	|
| IqE	| 1.000	| 0.000	| 0.000	| 4	|

| micro	| 0.133	| 0.133	| 0.133	| 376	|
| macro	| 0.717	| 0.093	| 0.050	| 376	|
| w-avg	| 0.593	| 0.133	| 0.072	| 376	|

Confusion matrix: 
|	| PiF	| Var	| SigmaE	| EnumF	| Con	| TypeF	| PiI	| PiE	| SigmaF	| SigmaI	| IqF	| IqE	|
| PiF	| 7	| 2	| 7	| 7	| 7	| 10	| 3	| 4	| 6	| 0	| 0	| 0	|
| Var	| 0	| 0	| 0	| 0	| 0	| 0	| 0	| 0	| 0	| 0	| 0	| 0	|
| SigmaE	| 23	| 33	| 30	| 25	| 21	| 9	| 17	| 23	| 23	| 1	| 1	| 4	|
| EnumF	| 15	| 7	| 7	| 11	| 15	| 5	| 11	| 18	| 15	| 0	| 0	| 0	|
| Con	| 0	| 3	| 1	| 2	| 2	| 0	| 0	| 0	| 1	| 0	| 0	| 0	|
| TypeF	| 0	| 0	| 0	| 0	| 0	| 0	| 0	| 0	| 0	| 0	| 0	| 0	|
| PiI	| 0	| 0	| 0	| 0	| 0	| 0	| 0	| 0	| 0	| 0	| 0	| 0	|
| PiE	| 0	| 0	| 0	| 0	| 0	| 0	| 0	| 0	| 0	| 0	| 0	| 0	|
| SigmaF	| 0	| 0	| 0	| 0	| 0	| 0	| 0	| 0	| 0	| 0	| 0	| 0	|
| SigmaI	| 0	| 0	| 0	| 0	| 0	| 0	| 0	| 0	| 0	| 0	| 0	| 0	|
| IqF	| 0	| 0	| 0	| 0	| 0	| 0	| 0	| 0	| 0	| 0	| 0	| 0	|
| IqE	| 0	| 0	| 0	| 0	| 0	| 0	| 0	| 0	| 0	| 0	| 0	| 0	|

