Scores:
|	| Prec 	| Rec 	| F1 	| Supp 	|
| SigmaE	| 0.160	| 0.756	| 0.264	| 45	|
| Var	| 1.000	| 0.000	| 0.000	| 45	|
| PiF	| 0.236	| 0.378	| 0.291	| 45	|
| PiE	| 0.139	| 0.111	| 0.123	| 45	|
| Con	| 0.188	| 0.200	| 0.194	| 45	|
| SigmaF	| 0.143	| 0.022	| 0.038	| 45	|
| TypeF	| 1.000	| 0.000	| 0.000	| 24	|
| PiI	| 1.000	| 0.000	| 0.000	| 31	|
| SigmaI	| 1.000	| 0.000	| 0.000	| 1	|
| EnumF	| 1.000	| 0.000	| 0.000	| 45	|
| IqF	| 1.000	| 0.000	| 0.000	| 1	|
| IqE	| 1.000	| 0.000	| 0.000	| 4	|

| micro	| 0.176	| 0.176	| 0.176	| 376	|
| macro	| 0.655	| 0.122	| 0.076	| 376	|
| w-avg	| 0.505	| 0.176	| 0.109	| 376	|

Confusion matrix: 
|	| SigmaE	| Var	| PiF	| PiE	| Con	| SigmaF	| TypeF	| PiI	| SigmaI	| EnumF	| IqF	| IqE	|
| SigmaE	| 34	| 32	| 19	| 23	| 24	| 24	| 9	| 17	| 1	| 25	| 1	| 4	|
| Var	| 0	| 0	| 0	| 0	| 0	| 0	| 0	| 0	| 0	| 0	| 0	| 0	|
| PiF	| 6	| 2	| 17	| 7	| 5	| 7	| 12	| 7	| 0	| 9	| 0	| 0	|
| PiE	| 2	| 6	| 5	| 5	| 5	| 3	| 1	| 3	| 0	| 6	| 0	| 0	|
| Con	| 3	| 3	| 4	| 9	| 9	| 10	| 2	| 4	| 0	| 4	| 0	| 0	|
| SigmaF	| 0	| 2	| 0	| 1	| 2	| 1	| 0	| 0	| 0	| 1	| 0	| 0	|
| TypeF	| 0	| 0	| 0	| 0	| 0	| 0	| 0	| 0	| 0	| 0	| 0	| 0	|
| PiI	| 0	| 0	| 0	| 0	| 0	| 0	| 0	| 0	| 0	| 0	| 0	| 0	|
| SigmaI	| 0	| 0	| 0	| 0	| 0	| 0	| 0	| 0	| 0	| 0	| 0	| 0	|
| EnumF	| 0	| 0	| 0	| 0	| 0	| 0	| 0	| 0	| 0	| 0	| 0	| 0	|
| IqF	| 0	| 0	| 0	| 0	| 0	| 0	| 0	| 0	| 0	| 0	| 0	| 0	|
| IqE	| 0	| 0	| 0	| 0	| 0	| 0	| 0	| 0	| 0	| 0	| 0	| 0	|

