Scores:
|	| Prec 	| Rec 	| F1 	| Supp 	|
| PiF	| 0.151	| 0.800	| 0.254	| 45	|
| Var	| 1.000	| 0.000	| 0.000	| 45	|
| PiE	| 0.114	| 0.089	| 0.100	| 45	|
| SigmaF	| 0.143	| 0.178	| 0.158	| 45	|
| SigmaE	| 0.190	| 0.089	| 0.121	| 45	|
| Con	| 0.100	| 0.022	| 0.036	| 45	|
| EnumF	| 0.111	| 0.044	| 0.063	| 45	|
| TypeF	| 1.000	| 0.000	| 0.000	| 24	|
| PiI	| 1.000	| 0.000	| 0.000	| 31	|
| SigmaI	| 1.000	| 0.000	| 0.000	| 2	|
| IqF	| 1.000	| 0.000	| 0.000	| 2	|
| IqE	| 1.000	| 0.000	| 0.000	| 4	|

| micro	| 0.146	| 0.146	| 0.146	| 378	|
| macro	| 0.567	| 0.102	| 0.061	| 378	|
| w-avg	| 0.382	| 0.146	| 0.087	| 378	|

Confusion matrix: 
|	| PiF	| Var	| PiE	| SigmaF	| SigmaE	| Con	| EnumF	| TypeF	| PiI	| SigmaI	| IqF	| IqE	|
| PiF	| 36	| 27	| 27	| 29	| 28	| 24	| 26	| 14	| 20	| 2	| 1	| 4	|
| Var	| 0	| 0	| 0	| 0	| 0	| 0	| 0	| 0	| 0	| 0	| 0	| 0	|
| PiE	| 3	| 1	| 4	| 3	| 3	| 8	| 4	| 3	| 6	| 0	| 0	| 0	|
| SigmaF	| 3	| 7	| 7	| 8	| 8	| 8	| 6	| 3	| 5	| 0	| 1	| 0	|
| SigmaE	| 0	| 5	| 2	| 4	| 4	| 3	| 3	| 0	| 0	| 0	| 0	| 0	|
| Con	| 0	| 2	| 3	| 0	| 0	| 1	| 4	| 0	| 0	| 0	| 0	| 0	|
| EnumF	| 3	| 3	| 2	| 1	| 2	| 1	| 2	| 4	| 0	| 0	| 0	| 0	|
| TypeF	| 0	| 0	| 0	| 0	| 0	| 0	| 0	| 0	| 0	| 0	| 0	| 0	|
| PiI	| 0	| 0	| 0	| 0	| 0	| 0	| 0	| 0	| 0	| 0	| 0	| 0	|
| SigmaI	| 0	| 0	| 0	| 0	| 0	| 0	| 0	| 0	| 0	| 0	| 0	| 0	|
| IqF	| 0	| 0	| 0	| 0	| 0	| 0	| 0	| 0	| 0	| 0	| 0	| 0	|
| IqE	| 0	| 0	| 0	| 0	| 0	| 0	| 0	| 0	| 0	| 0	| 0	| 0	|

