Scores:
|	| Prec 	| Rec 	| F1 	| Supp 	|
| EnumF	| 0.109	| 0.156	| 0.128	| 45	|
| Var	| 1.000	| 0.000	| 0.000	| 45	|
| PiE	| 0.158	| 0.200	| 0.176	| 45	|
| SigmaE	| 0.162	| 0.711	| 0.264	| 45	|
| SigmaF	| 0.111	| 0.089	| 0.099	| 45	|
| TypeF	| 0.125	| 0.083	| 0.100	| 24	|
| Con	| 1.000	| 0.000	| 0.000	| 45	|
| PiF	| 0.167	| 0.022	| 0.039	| 45	|
| PiI	| 1.000	| 0.000	| 0.000	| 31	|
| SigmaI	| 1.000	| 0.000	| 0.000	| 1	|
| IqF	| 1.000	| 0.000	| 0.000	| 1	|
| IqE	| 1.000	| 0.000	| 0.000	| 4	|

| micro	| 0.146	| 0.146	| 0.146	| 376	|
| macro	| 0.569	| 0.105	| 0.067	| 376	|
| w-avg	| 0.430	| 0.146	| 0.091	| 376	|

Confusion matrix: 
|	| EnumF	| Var	| PiE	| SigmaE	| SigmaF	| TypeF	| Con	| PiF	| PiI	| SigmaI	| IqF	| IqE	|
| EnumF	| 7	| 6	| 7	| 3	| 13	| 7	| 8	| 6	| 7	| 0	| 0	| 0	|
| Var	| 0	| 0	| 0	| 0	| 0	| 0	| 0	| 0	| 0	| 0	| 0	| 0	|
| PiE	| 11	| 9	| 9	| 5	| 4	| 0	| 8	| 4	| 6	| 0	| 1	| 0	|
| SigmaE	| 21	| 24	| 27	| 32	| 24	| 10	| 22	| 21	| 11	| 1	| 0	| 4	|
| SigmaF	| 4	| 5	| 1	| 4	| 4	| 4	| 5	| 7	| 2	| 0	| 0	| 0	|
| TypeF	| 0	| 1	| 1	| 1	| 0	| 2	| 1	| 6	| 4	| 0	| 0	| 0	|
| Con	| 0	| 0	| 0	| 0	| 0	| 0	| 0	| 0	| 0	| 0	| 0	| 0	|
| PiF	| 2	| 0	| 0	| 0	| 0	| 1	| 1	| 1	| 1	| 0	| 0	| 0	|
| PiI	| 0	| 0	| 0	| 0	| 0	| 0	| 0	| 0	| 0	| 0	| 0	| 0	|
| SigmaI	| 0	| 0	| 0	| 0	| 0	| 0	| 0	| 0	| 0	| 0	| 0	| 0	|
| IqF	| 0	| 0	| 0	| 0	| 0	| 0	| 0	| 0	| 0	| 0	| 0	| 0	|
| IqE	| 0	| 0	| 0	| 0	| 0	| 0	| 0	| 0	| 0	| 0	| 0	| 0	|

