Scores:
|	| Prec 	| Rec 	| F1 	| Supp 	|
| Con	| 0.179	| 0.267	| 0.214	| 45	|
| Var	| 0.235	| 0.178	| 0.203	| 45	|
| SigmaE	| 0.156	| 0.689	| 0.254	| 45	|
| PiF	| 0.164	| 0.244	| 0.196	| 45	|
| TypeF	| 0.333	| 0.167	| 0.222	| 24	|
| PiI	| 1.000	| 0.000	| 0.000	| 31	|
| PiE	| 1.000	| 0.000	| 0.000	| 45	|
| SigmaF	| 1.000	| 0.000	| 0.000	| 45	|
| SigmaI	| 1.000	| 0.000	| 0.000	| 2	|
| EnumF	| 1.000	| 0.000	| 0.000	| 45	|
| IqF	| 1.000	| 0.000	| 0.000	| 2	|
| IqE	| 1.000	| 0.000	| 0.000	| 5	|

| micro	| 0.174	| 0.174	| 0.174	| 379	|
| macro	| 0.672	| 0.129	| 0.091	| 379	|
| w-avg	| 0.570	| 0.174	| 0.117	| 379	|

Confusion matrix: 
|	| Con	| Var	| SigmaE	| PiF	| TypeF	| PiI	| PiE	| SigmaF	| SigmaI	| EnumF	| IqF	| IqE	|
| Con	| 12	| 10	| 7	| 2	| 3	| 4	| 8	| 12	| 0	| 8	| 1	| 0	|
| Var	| 6	| 8	| 0	| 3	| 1	| 5	| 6	| 1	| 0	| 4	| 0	| 0	|
| SigmaE	| 21	| 20	| 31	| 23	| 11	| 19	| 24	| 19	| 2	| 23	| 1	| 5	|
| PiF	| 6	| 7	| 7	| 11	| 5	| 2	| 7	| 12	| 0	| 10	| 0	| 0	|
| TypeF	| 0	| 0	| 0	| 6	| 4	| 1	| 0	| 1	| 0	| 0	| 0	| 0	|
| PiI	| 0	| 0	| 0	| 0	| 0	| 0	| 0	| 0	| 0	| 0	| 0	| 0	|
| PiE	| 0	| 0	| 0	| 0	| 0	| 0	| 0	| 0	| 0	| 0	| 0	| 0	|
| SigmaF	| 0	| 0	| 0	| 0	| 0	| 0	| 0	| 0	| 0	| 0	| 0	| 0	|
| SigmaI	| 0	| 0	| 0	| 0	| 0	| 0	| 0	| 0	| 0	| 0	| 0	| 0	|
| EnumF	| 0	| 0	| 0	| 0	| 0	| 0	| 0	| 0	| 0	| 0	| 0	| 0	|
| IqF	| 0	| 0	| 0	| 0	| 0	| 0	| 0	| 0	| 0	| 0	| 0	| 0	|
| IqE	| 0	| 0	| 0	| 0	| 0	| 0	| 0	| 0	| 0	| 0	| 0	| 0	|

