Scores:
|	| Prec 	| Rec 	| F1 	| Supp 	|
| PiE	| 0.146	| 0.422	| 0.217	| 45	|
| Var	| 1.000	| 0.000	| 0.000	| 45	|
| Con	| 0.099	| 0.444	| 0.161	| 45	|
| SigmaE	| 0.093	| 0.089	| 0.091	| 45	|
| TypeF	| 1.000	| 0.000	| 0.000	| 24	|
| PiF	| 1.000	| 0.000	| 0.000	| 45	|
| PiI	| 1.000	| 0.000	| 0.000	| 31	|
| SigmaF	| 1.000	| 0.000	| 0.000	| 45	|
| SigmaI	| 1.000	| 0.000	| 0.000	| 1	|
| EnumF	| 1.000	| 0.000	| 0.000	| 45	|
| IqF	| 1.000	| 0.000	| 0.000	| 1	|
| IqE	| 1.000	| 0.000	| 0.000	| 4	|

| micro	| 0.114	| 0.114	| 0.114	| 376	|
| macro	| 0.778	| 0.080	| 0.039	| 376	|
| w-avg	| 0.681	| 0.114	| 0.056	| 376	|

Confusion matrix: 
|	| PiE	| Var	| Con	| SigmaE	| TypeF	| PiF	| PiI	| SigmaF	| SigmaI	| EnumF	| IqF	| IqE	|
| PiE	| 19	| 18	| 21	| 17	| 6	| 7	| 9	| 23	| 0	| 10	| 0	| 0	|
| Var	| 0	| 0	| 0	| 0	| 0	| 0	| 0	| 0	| 0	| 0	| 0	| 0	|
| Con	| 23	| 25	| 20	| 24	| 14	| 28	| 17	| 17	| 1	| 29	| 1	| 4	|
| SigmaE	| 3	| 2	| 4	| 4	| 4	| 10	| 5	| 5	| 0	| 6	| 0	| 0	|
| TypeF	| 0	| 0	| 0	| 0	| 0	| 0	| 0	| 0	| 0	| 0	| 0	| 0	|
| PiF	| 0	| 0	| 0	| 0	| 0	| 0	| 0	| 0	| 0	| 0	| 0	| 0	|
| PiI	| 0	| 0	| 0	| 0	| 0	| 0	| 0	| 0	| 0	| 0	| 0	| 0	|
| SigmaF	| 0	| 0	| 0	| 0	| 0	| 0	| 0	| 0	| 0	| 0	| 0	| 0	|
| SigmaI	| 0	| 0	| 0	| 0	| 0	| 0	| 0	| 0	| 0	| 0	| 0	| 0	|
| EnumF	| 0	| 0	| 0	| 0	| 0	| 0	| 0	| 0	| 0	| 0	| 0	| 0	|
| IqF	| 0	| 0	| 0	| 0	| 0	| 0	| 0	| 0	| 0	| 0	| 0	| 0	|
| IqE	| 0	| 0	| 0	| 0	| 0	| 0	| 0	| 0	| 0	| 0	| 0	| 0	|

