Scores:
|	| Prec 	| Rec 	| F1 	| Supp 	|
| TypeF	| 0.048	| 0.125	| 0.069	| 24	|
| Var	| 0.189	| 0.222	| 0.204	| 45	|
| SigmaE	| 0.137	| 0.556	| 0.220	| 45	|
| EnumF	| 0.149	| 0.222	| 0.179	| 45	|
| Con	| 0.222	| 0.044	| 0.074	| 45	|
| PiF	| 0.200	| 0.022	| 0.040	| 45	|
| PiI	| 1.000	| 0.000	| 0.000	| 31	|
| PiE	| 1.000	| 0.000	| 0.000	| 45	|
| SigmaF	| 1.000	| 0.000	| 0.000	| 45	|
| SigmaI	| 1.000	| 0.000	| 0.000	| 2	|
| IqF	| 1.000	| 0.000	| 0.000	| 2	|
| IqE	| 1.000	| 0.000	| 0.000	| 5	|

| micro	| 0.135	| 0.135	| 0.135	| 379	|
| macro	| 0.579	| 0.099	| 0.065	| 379	|
| w-avg	| 0.453	| 0.135	| 0.089	| 379	|

Confusion matrix: 
|	| TypeF	| Var	| SigmaE	| EnumF	| Con	| PiF	| PiI	| PiE	| SigmaF	| SigmaI	| IqF	| IqE	|
| TypeF	| 3	| 6	| 9	| 6	| 8	| 8	| 8	| 9	| 6	| 0	| 0	| 0	|
| Var	| 4	| 10	| 5	| 7	| 6	| 3	| 3	| 7	| 7	| 0	| 1	| 0	|
| SigmaE	| 11	| 18	| 25	| 21	| 20	| 22	| 10	| 22	| 25	| 2	| 1	| 5	|
| EnumF	| 4	| 9	| 5	| 10	| 8	| 11	| 10	| 5	| 5	| 0	| 0	| 0	|
| Con	| 0	| 2	| 1	| 1	| 2	| 0	| 0	| 1	| 2	| 0	| 0	| 0	|
| PiF	| 2	| 0	| 0	| 0	| 1	| 1	| 0	| 1	| 0	| 0	| 0	| 0	|
| PiI	| 0	| 0	| 0	| 0	| 0	| 0	| 0	| 0	| 0	| 0	| 0	| 0	|
| PiE	| 0	| 0	| 0	| 0	| 0	| 0	| 0	| 0	| 0	| 0	| 0	| 0	|
| SigmaF	| 0	| 0	| 0	| 0	| 0	| 0	| 0	| 0	| 0	| 0	| 0	| 0	|
| SigmaI	| 0	| 0	| 0	| 0	| 0	| 0	| 0	| 0	| 0	| 0	| 0	| 0	|
| IqF	| 0	| 0	| 0	| 0	| 0	| 0	| 0	| 0	| 0	| 0	| 0	| 0	|
| IqE	| 0	| 0	| 0	| 0	| 0	| 0	| 0	| 0	| 0	| 0	| 0	| 0	|

