Scores:
|	| Prec 	| Rec 	| F1 	| Supp 	|
| PiF	| 0.145	| 0.800	| 0.245	| 90	|
| Var	| 1.000	| 0.000	| 0.000	| 90	|
| SigmaE	| 0.286	| 0.133	| 0.182	| 90	|
| PiE	| 0.108	| 0.233	| 0.148	| 90	|
| Con	| 0.333	| 0.078	| 0.126	| 90	|
| TypeF	| 1.000	| 0.000	| 0.000	| 48	|
| PiI	| 1.000	| 0.000	| 0.000	| 62	|
| SigmaF	| 1.000	| 0.000	| 0.000	| 90	|
| SigmaI	| 1.000	| 0.000	| 0.000	| 3	|
| EnumF	| 1.000	| 0.000	| 0.000	| 90	|
| IqF	| 1.000	| 0.000	| 0.000	| 3	|
| IqE	| 1.000	| 0.000	| 0.000	| 9	|

| micro	| 0.148	| 0.148	| 0.148	| 755	|
| macro	| 0.739	| 0.104	| 0.058	| 755	|
| w-avg	| 0.627	| 0.148	| 0.084	| 755	|

Confusion matrix: 
|	| PiF	| Var	| SigmaE	| PiE	| Con	| TypeF	| PiI	| SigmaF	| SigmaI	| EnumF	| IqF	| IqE	|
| PiF	| 72	| 59	| 58	| 59	| 53	| 34	| 46	| 49	| 3	| 53	| 3	| 9	|
| Var	| 0	| 0	| 0	| 0	| 0	| 0	| 0	| 0	| 0	| 0	| 0	| 0	|
| SigmaE	| 1	| 3	| 12	| 6	| 4	| 2	| 0	| 9	| 0	| 5	| 0	| 0	|
| PiE	| 16	| 24	| 19	| 21	| 26	| 12	| 15	| 30	| 0	| 31	| 0	| 0	|
| Con	| 1	| 4	| 1	| 4	| 7	| 0	| 1	| 2	| 0	| 1	| 0	| 0	|
| TypeF	| 0	| 0	| 0	| 0	| 0	| 0	| 0	| 0	| 0	| 0	| 0	| 0	|
| PiI	| 0	| 0	| 0	| 0	| 0	| 0	| 0	| 0	| 0	| 0	| 0	| 0	|
| SigmaF	| 0	| 0	| 0	| 0	| 0	| 0	| 0	| 0	| 0	| 0	| 0	| 0	|
| SigmaI	| 0	| 0	| 0	| 0	| 0	| 0	| 0	| 0	| 0	| 0	| 0	| 0	|
| EnumF	| 0	| 0	| 0	| 0	| 0	| 0	| 0	| 0	| 0	| 0	| 0	| 0	|
| IqF	| 0	| 0	| 0	| 0	| 0	| 0	| 0	| 0	| 0	| 0	| 0	| 0	|
| IqE	| 0	| 0	| 0	| 0	| 0	| 0	| 0	| 0	| 0	| 0	| 0	| 0	|

