Scores:
|	| Prec 	| Rec 	| F1 	| Supp 	|
| Con	| 0.148	| 0.467	| 0.225	| 45	|
| Var	| 0.131	| 0.556	| 0.212	| 45	|
| SigmaE	| 0.250	| 0.089	| 0.131	| 45	|
| PiF	| 0.273	| 0.067	| 0.107	| 45	|
| PiE	| 0.056	| 0.022	| 0.032	| 45	|
| TypeF	| 1.000	| 0.000	| 0.000	| 24	|
| PiI	| 1.000	| 0.000	| 0.000	| 31	|
| SigmaF	| 1.000	| 0.000	| 0.000	| 45	|
| SigmaI	| 1.000	| 0.000	| 0.000	| 2	|
| EnumF	| 1.000	| 0.000	| 0.000	| 45	|
| IqF	| 1.000	| 0.000	| 0.000	| 2	|
| IqE	| 1.000	| 0.000	| 0.000	| 4	|

| micro	| 0.143	| 0.143	| 0.143	| 378	|
| macro	| 0.655	| 0.100	| 0.059	| 378	|
| w-avg	| 0.507	| 0.143	| 0.084	| 378	|

Confusion matrix: 
|	| Con	| Var	| SigmaE	| PiF	| PiE	| TypeF	| PiI	| SigmaF	| SigmaI	| EnumF	| IqF	| IqE	|
| Con	| 21	| 16	| 12	| 10	| 23	| 11	| 12	| 16	| 1	| 18	| 2	| 0	|
| Var	| 19	| 25	| 28	| 29	| 17	| 8	| 15	| 22	| 1	| 23	| 0	| 4	|
| SigmaE	| 0	| 3	| 4	| 0	| 4	| 0	| 0	| 5	| 0	| 0	| 0	| 0	|
| PiF	| 1	| 1	| 0	| 3	| 0	| 2	| 2	| 2	| 0	| 0	| 0	| 0	|
| PiE	| 4	| 0	| 1	| 3	| 1	| 3	| 2	| 0	| 0	| 4	| 0	| 0	|
| TypeF	| 0	| 0	| 0	| 0	| 0	| 0	| 0	| 0	| 0	| 0	| 0	| 0	|
| PiI	| 0	| 0	| 0	| 0	| 0	| 0	| 0	| 0	| 0	| 0	| 0	| 0	|
| SigmaF	| 0	| 0	| 0	| 0	| 0	| 0	| 0	| 0	| 0	| 0	| 0	| 0	|
| SigmaI	| 0	| 0	| 0	| 0	| 0	| 0	| 0	| 0	| 0	| 0	| 0	| 0	|
| EnumF	| 0	| 0	| 0	| 0	| 0	| 0	| 0	| 0	| 0	| 0	| 0	| 0	|
| IqF	| 0	| 0	| 0	| 0	| 0	| 0	| 0	| 0	| 0	| 0	| 0	| 0	|
| IqE	| 0	| 0	| 0	| 0	| 0	| 0	| 0	| 0	| 0	| 0	| 0	| 0	|

