Scores:
|	| Prec 	| Rec 	| F1 	| Supp 	|
| SigmaF	| 0.121	| 0.978	| 0.215	| 45	|
| Var	| 1.000	| 0.000	| 0.000	| 45	|
| SigmaE	| 0.000	| 0.000	| 0.000	| 45	|
| PiF	| 0.222	| 0.044	| 0.074	| 45	|
| Con	| 1.000	| 0.000	| 0.000	| 45	|
| TypeF	| 1.000	| 0.000	| 0.000	| 24	|
| PiI	| 1.000	| 0.000	| 0.000	| 31	|
| PiE	| 1.000	| 0.000	| 0.000	| 45	|
| SigmaI	| 1.000	| 0.000	| 0.000	| 1	|
| EnumF	| 1.000	| 0.000	| 0.000	| 45	|
| IqF	| 1.000	| 0.000	| 0.000	| 1	|
| IqE	| 1.000	| 0.000	| 0.000	| 4	|

| micro	| 0.122	| 0.122	| 0.122	| 376	|
| macro	| 0.779	| 0.085	| 0.024	| 376	|
| w-avg	| 0.682	| 0.122	| 0.035	| 376	|

Confusion matrix: 
|	| SigmaF	| Var	| SigmaE	| PiF	| Con	| TypeF	| PiI	| PiE	| SigmaI	| EnumF	| IqF	| IqE	|
| SigmaF	| 44	| 43	| 45	| 42	| 45	| 21	| 30	| 45	| 1	| 43	| 1	| 4	|
| Var	| 0	| 0	| 0	| 0	| 0	| 0	| 0	| 0	| 0	| 0	| 0	| 0	|
| SigmaE	| 0	| 1	| 0	| 1	| 0	| 0	| 1	| 0	| 0	| 0	| 0	| 0	|
| PiF	| 1	| 1	| 0	| 2	| 0	| 3	| 0	| 0	| 0	| 2	| 0	| 0	|
| Con	| 0	| 0	| 0	| 0	| 0	| 0	| 0	| 0	| 0	| 0	| 0	| 0	|
| TypeF	| 0	| 0	| 0	| 0	| 0	| 0	| 0	| 0	| 0	| 0	| 0	| 0	|
| PiI	| 0	| 0	| 0	| 0	| 0	| 0	| 0	| 0	| 0	| 0	| 0	| 0	|
| PiE	| 0	| 0	| 0	| 0	| 0	| 0	| 0	| 0	| 0	| 0	| 0	| 0	|
| SigmaI	| 0	| 0	| 0	| 0	| 0	| 0	| 0	| 0	| 0	| 0	| 0	| 0	|
| EnumF	| 0	| 0	| 0	| 0	| 0	| 0	| 0	| 0	| 0	| 0	| 0	| 0	|
| IqF	| 0	| 0	| 0	| 0	| 0	| 0	| 0	| 0	| 0	| 0	| 0	| 0	|
| IqE	| 0	| 0	| 0	| 0	| 0	| 0	| 0	| 0	| 0	| 0	| 0	| 0	|

