Scores:
|	| Prec 	| Rec 	| F1 	| Supp 	|
| SigmaE	| 0.157	| 0.756	| 0.261	| 45	|
| Var	| 1.000	| 0.000	| 0.000	| 45	|
| SigmaF	| 0.135	| 0.156	| 0.144	| 45	|
| PiF	| 0.214	| 0.133	| 0.164	| 45	|
| Con	| 0.098	| 0.178	| 0.126	| 45	|
| TypeF	| 1.000	| 0.000	| 0.000	| 24	|
| PiI	| 1.000	| 0.000	| 0.000	| 31	|
| PiE	| 1.000	| 0.000	| 0.000	| 45	|
| SigmaI	| 1.000	| 0.000	| 0.000	| 2	|
| EnumF	| 1.000	| 0.000	| 0.000	| 45	|
| IqF	| 1.000	| 0.000	| 0.000	| 2	|
| IqE	| 1.000	| 0.000	| 0.000	| 4	|

| micro	| 0.146	| 0.146	| 0.146	| 378	|
| macro	| 0.717	| 0.102	| 0.058	| 378	|
| w-avg	| 0.596	| 0.146	| 0.083	| 378	|

Confusion matrix: 
|	| SigmaE	| Var	| SigmaF	| PiF	| Con	| TypeF	| PiI	| PiE	| SigmaI	| EnumF	| IqF	| IqE	|
| SigmaE	| 34	| 20	| 27	| 31	| 24	| 11	| 15	| 19	| 2	| 27	| 2	| 4	|
| Var	| 0	| 0	| 0	| 0	| 0	| 0	| 0	| 0	| 0	| 0	| 0	| 0	|
| SigmaF	| 4	| 6	| 7	| 1	| 11	| 2	| 5	| 12	| 0	| 4	| 0	| 0	|
| PiF	| 1	| 6	| 1	| 6	| 2	| 3	| 4	| 4	| 0	| 1	| 0	| 0	|
| Con	| 6	| 13	| 10	| 7	| 8	| 8	| 7	| 10	| 0	| 13	| 0	| 0	|
| TypeF	| 0	| 0	| 0	| 0	| 0	| 0	| 0	| 0	| 0	| 0	| 0	| 0	|
| PiI	| 0	| 0	| 0	| 0	| 0	| 0	| 0	| 0	| 0	| 0	| 0	| 0	|
| PiE	| 0	| 0	| 0	| 0	| 0	| 0	| 0	| 0	| 0	| 0	| 0	| 0	|
| SigmaI	| 0	| 0	| 0	| 0	| 0	| 0	| 0	| 0	| 0	| 0	| 0	| 0	|
| EnumF	| 0	| 0	| 0	| 0	| 0	| 0	| 0	| 0	| 0	| 0	| 0	| 0	|
| IqF	| 0	| 0	| 0	| 0	| 0	| 0	| 0	| 0	| 0	| 0	| 0	| 0	|
| IqE	| 0	| 0	| 0	| 0	| 0	| 0	| 0	| 0	| 0	| 0	| 0	| 0	|

