Scores:
|	| Prec 	| Rec 	| F1 	| Supp 	|
| Con	| 0.132	| 0.111	| 0.120	| 45	|
| Var	| 1.000	| 0.000	| 0.000	| 45	|
| PiE	| 0.147	| 0.356	| 0.208	| 45	|
| PiF	| 0.137	| 0.644	| 0.227	| 45	|
| SigmaE	| 0.389	| 0.156	| 0.222	| 45	|
| TypeF	| 1.000	| 0.000	| 0.000	| 24	|
| PiI	| 1.000	| 0.000	| 0.000	| 31	|
| SigmaF	| 1.000	| 0.000	| 0.000	| 45	|
| SigmaI	| 1.000	| 0.000	| 0.000	| 1	|
| EnumF	| 1.000	| 0.000	| 0.000	| 45	|
| IqF	| 1.000	| 0.000	| 0.000	| 1	|
| IqE	| 1.000	| 0.000	| 0.000	| 4	|

| micro	| 0.152	| 0.152	| 0.152	| 376	|
| macro	| 0.734	| 0.106	| 0.065	| 376	|
| w-avg	| 0.618	| 0.152	| 0.093	| 376	|

Confusion matrix: 
|	| Con	| Var	| PiE	| PiF	| SigmaE	| TypeF	| PiI	| SigmaF	| SigmaI	| EnumF	| IqF	| IqE	|
| Con	| 5	| 4	| 7	| 4	| 5	| 3	| 3	| 5	| 0	| 2	| 0	| 0	|
| Var	| 0	| 0	| 0	| 0	| 0	| 0	| 0	| 0	| 0	| 0	| 0	| 0	|
| PiE	| 17	| 11	| 16	| 12	| 4	| 10	| 6	| 20	| 0	| 12	| 1	| 0	|
| PiF	| 22	| 29	| 20	| 29	| 29	| 11	| 21	| 18	| 1	| 27	| 0	| 4	|
| SigmaE	| 1	| 1	| 2	| 0	| 7	| 0	| 1	| 2	| 0	| 4	| 0	| 0	|
| TypeF	| 0	| 0	| 0	| 0	| 0	| 0	| 0	| 0	| 0	| 0	| 0	| 0	|
| PiI	| 0	| 0	| 0	| 0	| 0	| 0	| 0	| 0	| 0	| 0	| 0	| 0	|
| SigmaF	| 0	| 0	| 0	| 0	| 0	| 0	| 0	| 0	| 0	| 0	| 0	| 0	|
| SigmaI	| 0	| 0	| 0	| 0	| 0	| 0	| 0	| 0	| 0	| 0	| 0	| 0	|
| EnumF	| 0	| 0	| 0	| 0	| 0	| 0	| 0	| 0	| 0	| 0	| 0	| 0	|
| IqF	| 0	| 0	| 0	| 0	| 0	| 0	| 0	| 0	| 0	| 0	| 0	| 0	|
| IqE	| 0	| 0	| 0	| 0	| 0	| 0	| 0	| 0	| 0	| 0	| 0	| 0	|

