Scores:
|	| Prec 	| Rec 	| F1 	| Supp 	|
| Var	| 0.118	| 0.511	| 0.192	| 45	|
| Con	| 0.238	| 0.222	| 0.230	| 45	|
| SigmaF	| 0.219	| 0.156	| 0.182	| 45	|
| PiF	| 0.143	| 0.200	| 0.167	| 45	|
| SigmaE	| 0.235	| 0.178	| 0.203	| 45	|
| PiE	| 0.154	| 0.044	| 0.069	| 45	|
| TypeF	| 1.000	| 0.000	| 0.000	| 24	|
| PiI	| 1.000	| 0.000	| 0.000	| 31	|
| SigmaI	| 1.000	| 0.000	| 0.000	| 2	|
| EnumF	| 1.000	| 0.000	| 0.000	| 45	|
| IqF	| 1.000	| 0.000	| 0.000	| 2	|
| IqE	| 1.000	| 0.000	| 0.000	| 5	|

| micro	| 0.156	| 0.156	| 0.156	| 379	|
| macro	| 0.592	| 0.109	| 0.087	| 379	|
| w-avg	| 0.419	| 0.156	| 0.124	| 379	|

Confusion matrix: 
|	| Var	| Con	| SigmaF	| PiF	| SigmaE	| PiE	| TypeF	| PiI	| SigmaI	| EnumF	| IqF	| IqE	|
| Var	| 23	| 17	| 21	| 30	| 25	| 22	| 13	| 13	| 2	| 22	| 2	| 5	|
| Con	| 5	| 10	| 4	| 2	| 0	| 7	| 1	| 7	| 0	| 6	| 0	| 0	|
| SigmaF	| 2	| 4	| 7	| 1	| 4	| 2	| 2	| 4	| 0	| 6	| 0	| 0	|
| PiF	| 5	| 9	| 8	| 9	| 8	| 9	| 7	| 4	| 0	| 4	| 0	| 0	|
| SigmaE	| 8	| 5	| 4	| 1	| 8	| 3	| 0	| 3	| 0	| 2	| 0	| 0	|
| PiE	| 2	| 0	| 1	| 2	| 0	| 2	| 1	| 0	| 0	| 5	| 0	| 0	|
| TypeF	| 0	| 0	| 0	| 0	| 0	| 0	| 0	| 0	| 0	| 0	| 0	| 0	|
| PiI	| 0	| 0	| 0	| 0	| 0	| 0	| 0	| 0	| 0	| 0	| 0	| 0	|
| SigmaI	| 0	| 0	| 0	| 0	| 0	| 0	| 0	| 0	| 0	| 0	| 0	| 0	|
| EnumF	| 0	| 0	| 0	| 0	| 0	| 0	| 0	| 0	| 0	| 0	| 0	| 0	|
| IqF	| 0	| 0	| 0	| 0	| 0	| 0	| 0	| 0	| 0	| 0	| 0	| 0	|
| IqE	| 0	| 0	| 0	| 0	| 0	| 0	| 0	| 0	| 0	| 0	| 0	| 0	|

