Scores:
|	| Prec 	| Rec 	| F1 	| Supp 	|
| PiF	| 0.142	| 0.711	| 0.237	| 45	|
| Var	| 0.185	| 0.111	| 0.139	| 45	|
| Con	| 0.133	| 0.311	| 0.187	| 45	|
| SigmaE	| 0.316	| 0.133	| 0.188	| 45	|
| TypeF	| 1.000	| 0.000	| 0.000	| 24	|
| PiI	| 1.000	| 0.000	| 0.000	| 31	|
| PiE	| 1.000	| 0.000	| 0.000	| 45	|
| SigmaF	| 1.000	| 0.000	| 0.000	| 45	|
| SigmaI	| 1.000	| 0.000	| 0.000	| 1	|
| EnumF	| 1.000	| 0.000	| 0.000	| 45	|
| IqF	| 1.000	| 0.000	| 0.000	| 1	|
| IqE	| 1.000	| 0.000	| 0.000	| 4	|

| micro	| 0.152	| 0.152	| 0.152	| 376	|
| macro	| 0.731	| 0.106	| 0.063	| 376	|
| w-avg	| 0.614	| 0.152	| 0.090	| 376	|

Confusion matrix: 
|	| PiF	| Var	| Con	| SigmaE	| TypeF	| PiI	| PiE	| SigmaF	| SigmaI	| EnumF	| IqF	| IqE	|
| PiF	| 32	| 19	| 27	| 31	| 14	| 20	| 25	| 20	| 1	| 31	| 1	| 4	|
| Var	| 5	| 5	| 1	| 1	| 1	| 2	| 2	| 7	| 0	| 3	| 0	| 0	|
| Con	| 8	| 20	| 14	| 7	| 8	| 9	| 15	| 15	| 0	| 9	| 0	| 0	|
| SigmaE	| 0	| 1	| 3	| 6	| 1	| 0	| 3	| 3	| 0	| 2	| 0	| 0	|
| TypeF	| 0	| 0	| 0	| 0	| 0	| 0	| 0	| 0	| 0	| 0	| 0	| 0	|
| PiI	| 0	| 0	| 0	| 0	| 0	| 0	| 0	| 0	| 0	| 0	| 0	| 0	|
| PiE	| 0	| 0	| 0	| 0	| 0	| 0	| 0	| 0	| 0	| 0	| 0	| 0	|
| SigmaF	| 0	| 0	| 0	| 0	| 0	| 0	| 0	| 0	| 0	| 0	| 0	| 0	|
| SigmaI	| 0	| 0	| 0	| 0	| 0	| 0	| 0	| 0	| 0	| 0	| 0	| 0	|
| EnumF	| 0	| 0	| 0	| 0	| 0	| 0	| 0	| 0	| 0	| 0	| 0	| 0	|
| IqF	| 0	| 0	| 0	| 0	| 0	| 0	| 0	| 0	| 0	| 0	| 0	| 0	|
| IqE	| 0	| 0	| 0	| 0	| 0	| 0	| 0	| 0	| 0	| 0	| 0	| 0	|

