Scores:
|	| Prec 	| Rec 	| F1 	| Supp 	|
| Con	| 0.170	| 0.178	| 0.174	| 45	|
| Var	| 0.133	| 0.133	| 0.133	| 45	|
| SigmaE	| 0.142	| 0.667	| 0.234	| 45	|
| PiF	| 0.137	| 0.222	| 0.169	| 45	|
| TypeF	| 1.000	| 0.000	| 0.000	| 24	|
| PiI	| 1.000	| 0.000	| 0.000	| 31	|
| PiE	| 1.000	| 0.000	| 0.000	| 45	|
| SigmaF	| 1.000	| 0.000	| 0.000	| 45	|
| SigmaI	| 1.000	| 0.000	| 0.000	| 1	|
| EnumF	| 1.000	| 0.000	| 0.000	| 45	|
| IqF	| 1.000	| 0.000	| 0.000	| 1	|
| IqE	| 1.000	| 0.000	| 0.000	| 4	|

| micro	| 0.144	| 0.144	| 0.144	| 376	|
| macro	| 0.715	| 0.100	| 0.059	| 376	|
| w-avg	| 0.591	| 0.144	| 0.085	| 376	|

Confusion matrix: 
|	| Con	| Var	| SigmaE	| PiF	| TypeF	| PiI	| PiE	| SigmaF	| SigmaI	| EnumF	| IqF	| IqE	|
| Con	| 8	| 5	| 2	| 2	| 5	| 3	| 8	| 8	| 0	| 6	| 0	| 0	|
| Var	| 1	| 6	| 4	| 3	| 2	| 6	| 7	| 11	| 0	| 5	| 0	| 0	|
| SigmaE	| 24	| 27	| 30	| 30	| 6	| 20	| 23	| 21	| 1	| 24	| 1	| 4	|
| PiF	| 12	| 7	| 9	| 10	| 11	| 2	| 7	| 5	| 0	| 10	| 0	| 0	|
| TypeF	| 0	| 0	| 0	| 0	| 0	| 0	| 0	| 0	| 0	| 0	| 0	| 0	|
| PiI	| 0	| 0	| 0	| 0	| 0	| 0	| 0	| 0	| 0	| 0	| 0	| 0	|
| PiE	| 0	| 0	| 0	| 0	| 0	| 0	| 0	| 0	| 0	| 0	| 0	| 0	|
| SigmaF	| 0	| 0	| 0	| 0	| 0	| 0	| 0	| 0	| 0	| 0	| 0	| 0	|
| SigmaI	| 0	| 0	| 0	| 0	| 0	| 0	| 0	| 0	| 0	| 0	| 0	| 0	|
| EnumF	| 0	| 0	| 0	| 0	| 0	| 0	| 0	| 0	| 0	| 0	| 0	| 0	|
| IqF	| 0	| 0	| 0	| 0	| 0	| 0	| 0	| 0	| 0	| 0	| 0	| 0	|
| IqE	| 0	| 0	| 0	| 0	| 0	| 0	| 0	| 0	| 0	| 0	| 0	| 0	|

