Scores:
|	| Prec 	| Rec 	| F1 	| Supp 	|
| PiF	| 0.147	| 0.822	| 0.250	| 45	|
| Var	| 1.000	| 0.000	| 0.000	| 45	|
| PiE	| 0.183	| 0.244	| 0.210	| 45	|
| SigmaE	| 0.310	| 0.200	| 0.243	| 45	|
| SigmaF	| 0.128	| 0.111	| 0.119	| 45	|
| Con	| 1.000	| 0.000	| 0.000	| 45	|
| TypeF	| 1.000	| 0.000	| 0.000	| 24	|
| PiI	| 1.000	| 0.000	| 0.000	| 31	|
| SigmaI	| 1.000	| 0.000	| 0.000	| 2	|
| EnumF	| 1.000	| 0.000	| 0.000	| 45	|
| IqF	| 1.000	| 0.000	| 0.000	| 2	|
| IqE	| 1.000	| 0.000	| 0.000	| 5	|

| micro	| 0.164	| 0.164	| 0.164	| 379	|
| macro	| 0.731	| 0.115	| 0.068	| 379	|
| w-avg	| 0.616	| 0.164	| 0.098	| 379	|

Confusion matrix: 
|	| PiF	| Var	| PiE	| SigmaE	| SigmaF	| Con	| TypeF	| PiI	| SigmaI	| EnumF	| IqF	| IqE	|
| PiF	| 37	| 31	| 28	| 25	| 27	| 24	| 21	| 24	| 2	| 25	| 2	| 5	|
| Var	| 0	| 0	| 0	| 0	| 0	| 0	| 0	| 0	| 0	| 0	| 0	| 0	|
| PiE	| 4	| 6	| 11	| 5	| 9	| 10	| 1	| 5	| 0	| 9	| 0	| 0	|
| SigmaE	| 1	| 6	| 1	| 9	| 4	| 2	| 0	| 0	| 0	| 6	| 0	| 0	|
| SigmaF	| 3	| 2	| 5	| 6	| 5	| 9	| 2	| 2	| 0	| 5	| 0	| 0	|
| Con	| 0	| 0	| 0	| 0	| 0	| 0	| 0	| 0	| 0	| 0	| 0	| 0	|
| TypeF	| 0	| 0	| 0	| 0	| 0	| 0	| 0	| 0	| 0	| 0	| 0	| 0	|
| PiI	| 0	| 0	| 0	| 0	| 0	| 0	| 0	| 0	| 0	| 0	| 0	| 0	|
| SigmaI	| 0	| 0	| 0	| 0	| 0	| 0	| 0	| 0	| 0	| 0	| 0	| 0	|
| EnumF	| 0	| 0	| 0	| 0	| 0	| 0	| 0	| 0	| 0	| 0	| 0	| 0	|
| IqF	| 0	| 0	| 0	| 0	| 0	| 0	| 0	| 0	| 0	| 0	| 0	| 0	|
| IqE	| 0	| 0	| 0	| 0	| 0	| 0	| 0	| 0	| 0	| 0	| 0	| 0	|

