Scores:
|	| Prec 	| Rec 	| F1 	| Supp 	|
| Con	| 0.212	| 0.244	| 0.227	| 45	|
| Var	| 0.159	| 0.222	| 0.185	| 45	|
| SigmaE	| 0.152	| 0.667	| 0.248	| 45	|
| PiF	| 0.120	| 0.133	| 0.126	| 45	|
| TypeF	| 0.294	| 0.208	| 0.244	| 24	|
| PiI	| 1.000	| 0.000	| 0.000	| 31	|
| PiE	| 1.000	| 0.000	| 0.000	| 45	|
| SigmaF	| 1.000	| 0.000	| 0.000	| 45	|
| SigmaI	| 1.000	| 0.000	| 0.000	| 2	|
| EnumF	| 1.000	| 0.000	| 0.000	| 45	|
| IqF	| 1.000	| 0.000	| 0.000	| 2	|
| IqE	| 1.000	| 0.000	| 0.000	| 5	|

| micro	| 0.164	| 0.164	| 0.164	| 379	|
| macro	| 0.661	| 0.123	| 0.086	| 379	|
| w-avg	| 0.557	| 0.164	| 0.109	| 379	|

Confusion matrix: 
|	| Con	| Var	| SigmaE	| PiF	| TypeF	| PiI	| PiE	| SigmaF	| SigmaI	| EnumF	| IqF	| IqE	|
| Con	| 11	| 8	| 1	| 2	| 1	| 5	| 9	| 8	| 0	| 7	| 0	| 0	|
| Var	| 9	| 10	| 5	| 10	| 4	| 5	| 6	| 7	| 0	| 7	| 0	| 0	|
| SigmaE	| 18	| 24	| 30	| 21	| 6	| 15	| 21	| 25	| 1	| 29	| 2	| 5	|
| PiF	| 6	| 3	| 7	| 6	| 8	| 5	| 8	| 4	| 1	| 2	| 0	| 0	|
| TypeF	| 1	| 0	| 2	| 6	| 5	| 1	| 1	| 1	| 0	| 0	| 0	| 0	|
| PiI	| 0	| 0	| 0	| 0	| 0	| 0	| 0	| 0	| 0	| 0	| 0	| 0	|
| PiE	| 0	| 0	| 0	| 0	| 0	| 0	| 0	| 0	| 0	| 0	| 0	| 0	|
| SigmaF	| 0	| 0	| 0	| 0	| 0	| 0	| 0	| 0	| 0	| 0	| 0	| 0	|
| SigmaI	| 0	| 0	| 0	| 0	| 0	| 0	| 0	| 0	| 0	| 0	| 0	| 0	|
| EnumF	| 0	| 0	| 0	| 0	| 0	| 0	| 0	| 0	| 0	| 0	| 0	| 0	|
| IqF	| 0	| 0	| 0	| 0	| 0	| 0	| 0	| 0	| 0	| 0	| 0	| 0	|
| IqE	| 0	| 0	| 0	| 0	| 0	| 0	| 0	| 0	| 0	| 0	| 0	| 0	|

