Scores:
|	| Prec 	| Rec 	| F1 	| Supp 	|
| SigmaE	| 0.162	| 0.867	| 0.273	| 45	|
| Var	| 1.000	| 0.000	| 0.000	| 45	|
| PiE	| 0.196	| 0.222	| 0.208	| 45	|
| Con	| 0.333	| 0.044	| 0.078	| 45	|
| PiF	| 0.150	| 0.133	| 0.141	| 45	|
| SigmaF	| 0.150	| 0.133	| 0.141	| 45	|
| TypeF	| 1.000	| 0.000	| 0.000	| 24	|
| PiI	| 1.000	| 0.000	| 0.000	| 31	|
| SigmaI	| 1.000	| 0.000	| 0.000	| 2	|
| EnumF	| 1.000	| 0.000	| 0.000	| 45	|
| IqF	| 1.000	| 0.000	| 0.000	| 2	|
| IqE	| 1.000	| 0.000	| 0.000	| 4	|

| micro	| 0.167	| 0.167	| 0.167	| 378	|
| macro	| 0.666	| 0.117	| 0.070	| 378	|
| w-avg	| 0.523	| 0.167	| 0.100	| 378	|

Confusion matrix: 
|	| SigmaE	| Var	| PiE	| Con	| PiF	| SigmaF	| TypeF	| PiI	| SigmaI	| EnumF	| IqF	| IqE	|
| SigmaE	| 39	| 27	| 27	| 20	| 32	| 30	| 13	| 18	| 2	| 28	| 1	| 4	|
| Var	| 0	| 0	| 0	| 0	| 0	| 0	| 0	| 0	| 0	| 0	| 0	| 0	|
| PiE	| 2	| 5	| 10	| 9	| 4	| 8	| 1	| 3	| 0	| 9	| 0	| 0	|
| Con	| 0	| 3	| 0	| 2	| 0	| 0	| 0	| 0	| 0	| 1	| 0	| 0	|
| PiF	| 2	| 6	| 3	| 7	| 6	| 1	| 9	| 3	| 0	| 3	| 0	| 0	|
| SigmaF	| 2	| 4	| 5	| 7	| 3	| 6	| 1	| 7	| 0	| 4	| 1	| 0	|
| TypeF	| 0	| 0	| 0	| 0	| 0	| 0	| 0	| 0	| 0	| 0	| 0	| 0	|
| PiI	| 0	| 0	| 0	| 0	| 0	| 0	| 0	| 0	| 0	| 0	| 0	| 0	|
| SigmaI	| 0	| 0	| 0	| 0	| 0	| 0	| 0	| 0	| 0	| 0	| 0	| 0	|
| EnumF	| 0	| 0	| 0	| 0	| 0	| 0	| 0	| 0	| 0	| 0	| 0	| 0	|
| IqF	| 0	| 0	| 0	| 0	| 0	| 0	| 0	| 0	| 0	| 0	| 0	| 0	|
| IqE	| 0	| 0	| 0	| 0	| 0	| 0	| 0	| 0	| 0	| 0	| 0	| 0	|

