Scores:
|	| Prec 	| Rec 	| F1 	| Supp 	|
| PiF	| 0.130	| 0.711	| 0.220	| 45	|
| Var	| 0.139	| 0.222	| 0.171	| 45	|
| PiE	| 0.122	| 0.111	| 0.116	| 45	|
| Con	| 0.118	| 0.044	| 0.065	| 45	|
| TypeF	| 1.000	| 0.000	| 0.000	| 24	|
| PiI	| 1.000	| 0.000	| 0.000	| 31	|
| SigmaF	| 1.000	| 0.000	| 0.000	| 45	|
| SigmaI	| 1.000	| 0.000	| 0.000	| 1	|
| SigmaE	| 1.000	| 0.000	| 0.000	| 45	|
| EnumF	| 1.000	| 0.000	| 0.000	| 45	|
| IqF	| 1.000	| 0.000	| 0.000	| 1	|
| IqE	| 1.000	| 0.000	| 0.000	| 4	|

| micro	| 0.130	| 0.130	| 0.130	| 376	|
| macro	| 0.709	| 0.091	| 0.048	| 376	|
| w-avg	| 0.582	| 0.130	| 0.068	| 376	|

Confusion matrix: 
|	| PiF	| Var	| PiE	| Con	| TypeF	| PiI	| SigmaF	| SigmaI	| SigmaE	| EnumF	| IqF	| IqE	|
| PiF	| 32	| 28	| 25	| 25	| 18	| 17	| 32	| 1	| 31	| 33	| 0	| 4	|
| Var	| 6	| 10	| 14	| 11	| 2	| 3	| 8	| 0	| 12	| 6	| 0	| 0	|
| PiE	| 4	| 5	| 5	| 7	| 3	| 8	| 3	| 0	| 2	| 3	| 1	| 0	|
| Con	| 3	| 2	| 1	| 2	| 1	| 3	| 2	| 0	| 0	| 3	| 0	| 0	|
| TypeF	| 0	| 0	| 0	| 0	| 0	| 0	| 0	| 0	| 0	| 0	| 0	| 0	|
| PiI	| 0	| 0	| 0	| 0	| 0	| 0	| 0	| 0	| 0	| 0	| 0	| 0	|
| SigmaF	| 0	| 0	| 0	| 0	| 0	| 0	| 0	| 0	| 0	| 0	| 0	| 0	|
| SigmaI	| 0	| 0	| 0	| 0	| 0	| 0	| 0	| 0	| 0	| 0	| 0	| 0	|
| SigmaE	| 0	| 0	| 0	| 0	| 0	| 0	| 0	| 0	| 0	| 0	| 0	| 0	|
| EnumF	| 0	| 0	| 0	| 0	| 0	| 0	| 0	| 0	| 0	| 0	| 0	| 0	|
| IqF	| 0	| 0	| 0	| 0	| 0	| 0	| 0	| 0	| 0	| 0	| 0	| 0	|
| IqE	| 0	| 0	| 0	| 0	| 0	| 0	| 0	| 0	| 0	| 0	| 0	| 0	|

