Scores:
|	| Prec 	| Rec 	| F1 	| Supp 	|
| SigmaE	| 0.138	| 0.689	| 0.230	| 45	|
| Var	| 1.000	| 0.000	| 0.000	| 45	|
| PiE	| 0.150	| 0.133	| 0.141	| 45	|
| Con	| 0.261	| 0.267	| 0.264	| 45	|
| PiF	| 0.176	| 0.267	| 0.212	| 45	|
| TypeF	| 1.000	| 0.000	| 0.000	| 24	|
| PiI	| 1.000	| 0.000	| 0.000	| 31	|
| SigmaF	| 1.000	| 0.000	| 0.000	| 45	|
| SigmaI	| 1.000	| 0.000	| 0.000	| 2	|
| EnumF	| 1.000	| 0.000	| 0.000	| 45	|
| IqF	| 1.000	| 0.000	| 0.000	| 2	|
| IqE	| 1.000	| 0.000	| 0.000	| 4	|

| micro	| 0.161	| 0.161	| 0.161	| 378	|
| macro	| 0.727	| 0.113	| 0.071	| 378	|
| w-avg	| 0.610	| 0.161	| 0.101	| 378	|

Confusion matrix: 
|	| SigmaE	| Var	| PiE	| Con	| PiF	| TypeF	| PiI	| SigmaF	| SigmaI	| EnumF	| IqF	| IqE	|
| SigmaE	| 31	| 29	| 31	| 22	| 27	| 7	| 20	| 23	| 2	| 26	| 2	| 4	|
| Var	| 0	| 0	| 0	| 0	| 0	| 0	| 0	| 0	| 0	| 0	| 0	| 0	|
| PiE	| 5	| 6	| 6	| 5	| 3	| 2	| 1	| 6	| 0	| 6	| 0	| 0	|
| Con	| 0	| 6	| 4	| 12	| 3	| 2	| 3	| 6	| 0	| 10	| 0	| 0	|
| PiF	| 9	| 4	| 4	| 6	| 12	| 13	| 7	| 10	| 0	| 3	| 0	| 0	|
| TypeF	| 0	| 0	| 0	| 0	| 0	| 0	| 0	| 0	| 0	| 0	| 0	| 0	|
| PiI	| 0	| 0	| 0	| 0	| 0	| 0	| 0	| 0	| 0	| 0	| 0	| 0	|
| SigmaF	| 0	| 0	| 0	| 0	| 0	| 0	| 0	| 0	| 0	| 0	| 0	| 0	|
| SigmaI	| 0	| 0	| 0	| 0	| 0	| 0	| 0	| 0	| 0	| 0	| 0	| 0	|
| EnumF	| 0	| 0	| 0	| 0	| 0	| 0	| 0	| 0	| 0	| 0	| 0	| 0	|
| IqF	| 0	| 0	| 0	| 0	| 0	| 0	| 0	| 0	| 0	| 0	| 0	| 0	|
| IqE	| 0	| 0	| 0	| 0	| 0	| 0	| 0	| 0	| 0	| 0	| 0	| 0	|

