Scores:
|	| Prec 	| Rec 	| F1 	| Supp 	|
| Var	| 0.186	| 0.178	| 0.182	| 45	|
| PiF	| 0.138	| 0.800	| 0.236	| 45	|
| EnumF	| 0.136	| 0.133	| 0.135	| 45	|
| Con	| 1.000	| 0.000	| 0.000	| 45	|
| PiE	| 0.100	| 0.022	| 0.036	| 45	|
| SigmaE	| 0.318	| 0.156	| 0.209	| 45	|
| TypeF	| 1.000	| 0.000	| 0.000	| 24	|
| PiI	| 1.000	| 0.000	| 0.000	| 31	|
| SigmaF	| 1.000	| 0.000	| 0.000	| 45	|
| SigmaI	| 1.000	| 0.000	| 0.000	| 2	|
| IqF	| 1.000	| 0.000	| 0.000	| 2	|
| IqE	| 1.000	| 0.000	| 0.000	| 5	|

| micro	| 0.153	| 0.153	| 0.153	| 379	|
| macro	| 0.657	| 0.107	| 0.067	| 379	|
| w-avg	| 0.511	| 0.153	| 0.095	| 379	|

Confusion matrix: 
|	| Var	| PiF	| EnumF	| Con	| PiE	| SigmaE	| TypeF	| PiI	| SigmaF	| SigmaI	| IqF	| IqE	|
| Var	| 8	| 5	| 5	| 3	| 5	| 4	| 5	| 4	| 4	| 0	| 0	| 0	|
| PiF	| 33	| 36	| 28	| 24	| 29	| 32	| 18	| 24	| 27	| 2	| 2	| 5	|
| EnumF	| 4	| 3	| 6	| 8	| 8	| 2	| 1	| 3	| 9	| 0	| 0	| 0	|
| Con	| 0	| 0	| 0	| 0	| 0	| 0	| 0	| 0	| 0	| 0	| 0	| 0	|
| PiE	| 0	| 0	| 2	| 6	| 1	| 0	| 0	| 0	| 1	| 0	| 0	| 0	|
| SigmaE	| 0	| 1	| 4	| 4	| 2	| 7	| 0	| 0	| 4	| 0	| 0	| 0	|
| TypeF	| 0	| 0	| 0	| 0	| 0	| 0	| 0	| 0	| 0	| 0	| 0	| 0	|
| PiI	| 0	| 0	| 0	| 0	| 0	| 0	| 0	| 0	| 0	| 0	| 0	| 0	|
| SigmaF	| 0	| 0	| 0	| 0	| 0	| 0	| 0	| 0	| 0	| 0	| 0	| 0	|
| SigmaI	| 0	| 0	| 0	| 0	| 0	| 0	| 0	| 0	| 0	| 0	| 0	| 0	|
| IqF	| 0	| 0	| 0	| 0	| 0	| 0	| 0	| 0	| 0	| 0	| 0	| 0	|
| IqE	| 0	| 0	| 0	| 0	| 0	| 0	| 0	| 0	| 0	| 0	| 0	| 0	|

