Scores:
|	| Prec 	| Rec 	| F1 	| Supp 	|
| PiF	| 0.130	| 0.622	| 0.215	| 45	|
| Var	| 1.000	| 0.000	| 0.000	| 45	|
| Con	| 0.119	| 0.222	| 0.155	| 45	|
| PiE	| 0.038	| 0.022	| 0.028	| 45	|
| SigmaE	| 0.059	| 0.044	| 0.051	| 45	|
| EnumF	| 0.211	| 0.089	| 0.125	| 45	|
| TypeF	| 1.000	| 0.000	| 0.000	| 24	|
| PiI	| 1.000	| 0.000	| 0.000	| 31	|
| SigmaF	| 1.000	| 0.000	| 0.000	| 45	|
| SigmaI	| 1.000	| 0.000	| 0.000	| 2	|
| IqF	| 1.000	| 0.000	| 0.000	| 2	|
| IqE	| 1.000	| 0.000	| 0.000	| 5	|

| micro	| 0.119	| 0.119	| 0.119	| 379	|
| macro	| 0.630	| 0.083	| 0.048	| 379	|
| w-avg	| 0.472	| 0.119	| 0.068	| 379	|

Confusion matrix: 
|	| PiF	| Var	| Con	| PiE	| SigmaE	| EnumF	| TypeF	| PiI	| SigmaF	| SigmaI	| IqF	| IqE	|
| PiF	| 28	| 25	| 27	| 25	| 24	| 17	| 17	| 21	| 23	| 2	| 2	| 5	|
| Var	| 0	| 0	| 0	| 0	| 0	| 0	| 0	| 0	| 0	| 0	| 0	| 0	|
| Con	| 6	| 14	| 10	| 14	| 7	| 13	| 2	| 7	| 11	| 0	| 0	| 0	|
| PiE	| 0	| 2	| 4	| 1	| 10	| 4	| 0	| 0	| 5	| 0	| 0	| 0	|
| SigmaE	| 5	| 3	| 2	| 2	| 2	| 7	| 5	| 3	| 5	| 0	| 0	| 0	|
| EnumF	| 6	| 1	| 2	| 3	| 2	| 4	| 0	| 0	| 1	| 0	| 0	| 0	|
| TypeF	| 0	| 0	| 0	| 0	| 0	| 0	| 0	| 0	| 0	| 0	| 0	| 0	|
| PiI	| 0	| 0	| 0	| 0	| 0	| 0	| 0	| 0	| 0	| 0	| 0	| 0	|
| SigmaF	| 0	| 0	| 0	| 0	| 0	| 0	| 0	| 0	| 0	| 0	| 0	| 0	|
| SigmaI	| 0	| 0	| 0	| 0	| 0	| 0	| 0	| 0	| 0	| 0	| 0	| 0	|
| IqF	| 0	| 0	| 0	| 0	| 0	| 0	| 0	| 0	| 0	| 0	| 0	| 0	|
| IqE	| 0	| 0	| 0	| 0	| 0	| 0	| 0	| 0	| 0	| 0	| 0	| 0	|

