Scores:
|	| Prec 	| Rec 	| F1 	| Supp 	|
| PiE	| 0.132	| 0.578	| 0.215	| 45	|
| Var	| 1.000	| 0.000	| 0.000	| 45	|
| Con	| 0.262	| 0.378	| 0.309	| 45	|
| EnumF	| 0.105	| 0.089	| 0.096	| 45	|
| PiF	| 0.205	| 0.200	| 0.202	| 45	|
| SigmaE	| 0.208	| 0.111	| 0.145	| 45	|
| TypeF	| 0.250	| 0.083	| 0.125	| 24	|
| PiI	| 1.000	| 0.000	| 0.000	| 31	|
| SigmaF	| 1.000	| 0.000	| 0.000	| 45	|
| SigmaI	| 1.000	| 0.000	| 0.000	| 1	|
| IqF	| 1.000	| 0.000	| 0.000	| 1	|
| IqE	| 1.000	| 0.000	| 0.000	| 4	|

| micro	| 0.168	| 0.168	| 0.168	| 376	|
| macro	| 0.597	| 0.120	| 0.091	| 376	|
| w-avg	| 0.463	| 0.168	| 0.124	| 376	|

Confusion matrix: 
|	| PiE	| Var	| Con	| EnumF	| PiF	| SigmaE	| TypeF	| PiI	| SigmaF	| SigmaI	| IqF	| IqE	|
| PiE	| 26	| 21	| 16	| 25	| 24	| 30	| 12	| 18	| 19	| 1	| 1	| 4	|
| Var	| 0	| 0	| 0	| 0	| 0	| 0	| 0	| 0	| 0	| 0	| 0	| 0	|
| Con	| 7	| 12	| 17	| 10	| 4	| 2	| 2	| 3	| 8	| 0	| 0	| 0	|
| EnumF	| 6	| 4	| 4	| 4	| 4	| 5	| 2	| 6	| 3	| 0	| 0	| 0	|
| PiF	| 2	| 4	| 4	| 4	| 9	| 3	| 6	| 2	| 10	| 0	| 0	| 0	|
| SigmaE	| 4	| 4	| 3	| 2	| 1	| 5	| 0	| 1	| 4	| 0	| 0	| 0	|
| TypeF	| 0	| 0	| 1	| 0	| 3	| 0	| 2	| 1	| 1	| 0	| 0	| 0	|
| PiI	| 0	| 0	| 0	| 0	| 0	| 0	| 0	| 0	| 0	| 0	| 0	| 0	|
| SigmaF	| 0	| 0	| 0	| 0	| 0	| 0	| 0	| 0	| 0	| 0	| 0	| 0	|
| SigmaI	| 0	| 0	| 0	| 0	| 0	| 0	| 0	| 0	| 0	| 0	| 0	| 0	|
| IqF	| 0	| 0	| 0	| 0	| 0	| 0	| 0	| 0	| 0	| 0	| 0	| 0	|
| IqE	| 0	| 0	| 0	| 0	| 0	| 0	| 0	| 0	| 0	| 0	| 0	| 0	|

