Scores:
|	| Prec 	| Rec 	| F1 	| Supp 	|
| PiF	| 0.214	| 0.267	| 0.238	| 45	|
| Var	| 0.130	| 0.600	| 0.214	| 45	|
| Con	| 0.128	| 0.267	| 0.173	| 45	|
| EnumF	| 0.105	| 0.044	| 0.062	| 45	|
| TypeF	| 1.000	| 0.000	| 0.000	| 24	|
| PiI	| 1.000	| 0.000	| 0.000	| 31	|
| PiE	| 1.000	| 0.000	| 0.000	| 45	|
| SigmaF	| 1.000	| 0.000	| 0.000	| 45	|
| SigmaI	| 1.000	| 0.000	| 0.000	| 1	|
| SigmaE	| 1.000	| 0.000	| 0.000	| 45	|
| IqF	| 1.000	| 0.000	| 0.000	| 1	|
| IqE	| 1.000	| 0.000	| 0.000	| 4	|

| micro	| 0.141	| 0.141	| 0.141	| 376	|
| macro	| 0.715	| 0.098	| 0.057	| 376	|
| w-avg	| 0.590	| 0.141	| 0.082	| 376	|

Confusion matrix: 
|	| PiF	| Var	| Con	| EnumF	| TypeF	| PiI	| PiE	| SigmaF	| SigmaI	| SigmaE	| IqF	| IqE	|
| PiF	| 12	| 4	| 7	| 3	| 10	| 5	| 2	| 4	| 0	| 9	| 0	| 0	|
| Var	| 24	| 27	| 25	| 23	| 12	| 16	| 22	| 25	| 1	| 27	| 1	| 4	|
| Con	| 8	| 12	| 12	| 17	| 1	| 5	| 16	| 14	| 0	| 9	| 0	| 0	|
| EnumF	| 1	| 2	| 1	| 2	| 1	| 5	| 5	| 2	| 0	| 0	| 0	| 0	|
| TypeF	| 0	| 0	| 0	| 0	| 0	| 0	| 0	| 0	| 0	| 0	| 0	| 0	|
| PiI	| 0	| 0	| 0	| 0	| 0	| 0	| 0	| 0	| 0	| 0	| 0	| 0	|
| PiE	| 0	| 0	| 0	| 0	| 0	| 0	| 0	| 0	| 0	| 0	| 0	| 0	|
| SigmaF	| 0	| 0	| 0	| 0	| 0	| 0	| 0	| 0	| 0	| 0	| 0	| 0	|
| SigmaI	| 0	| 0	| 0	| 0	| 0	| 0	| 0	| 0	| 0	| 0	| 0	| 0	|
| SigmaE	| 0	| 0	| 0	| 0	| 0	| 0	| 0	| 0	| 0	| 0	| 0	| 0	|
| IqF	| 0	| 0	| 0	| 0	| 0	| 0	| 0	| 0	| 0	| 0	| 0	| 0	|
| IqE	| 0	| 0	| 0	| 0	| 0	| 0	| 0	| 0	| 0	| 0	| 0	| 0	|

