Scores:
|	| Prec 	| Rec 	| F1 	| Supp 	|
| Var	| 0.905	| 0.956	| 0.930	| 90	|
| PiI	| 0.924	| 0.984	| 0.953	| 62	|
| PiE	| 0.940	| 0.867	| 0.902	| 90	|
| Con	| 0.988	| 0.944	| 0.966	| 90	|
| PiF	| 0.966	| 0.956	| 0.961	| 90	|
| TypeF	| 1.000	| 1.000	| 1.000	| 48	|
| SigmaF	| 0.881	| 0.989	| 0.932	| 90	|
| SigmaI	| 1.000	| 0.000	| 0.000	| 3	|
| SigmaE	| 1.000	| 0.978	| 0.989	| 90	|
| EnumF	| 1.000	| 1.000	| 1.000	| 90	|
| IqF	| 1.000	| 0.000	| 0.000	| 3	|
| IqE	| 1.000	| 1.000	| 1.000	| 8	|

| micro	| 0.954	| 0.954	| 0.954	| 754	|
| macro	| 0.967	| 0.806	| 0.803	| 754	|
| w-avg	| 0.956	| 0.954	| 0.950	| 754	|

Confusion matrix: 
|	| Var	| PiI	| PiE	| Con	| PiF	| TypeF	| SigmaF	| SigmaI	| SigmaE	| EnumF	| IqF	| IqE	|
| Var	| 86	| 1	| 0	| 4	| 0	| 0	| 0	| 3	| 1	| 0	| 0	| 0	|
| PiI	| 1	| 61	| 4	| 0	| 0	| 0	| 0	| 0	| 0	| 0	| 0	| 0	|
| PiE	| 2	| 0	| 78	| 0	| 0	| 0	| 0	| 0	| 1	| 0	| 2	| 0	|
| Con	| 1	| 0	| 0	| 85	| 0	| 0	| 0	| 0	| 0	| 0	| 0	| 0	|
| PiF	| 0	| 0	| 0	| 1	| 86	| 0	| 1	| 0	| 0	| 0	| 1	| 0	|
| TypeF	| 0	| 0	| 0	| 0	| 0	| 48	| 0	| 0	| 0	| 0	| 0	| 0	|
| SigmaF	| 0	| 0	| 8	| 0	| 4	| 0	| 89	| 0	| 0	| 0	| 0	| 0	|
| SigmaI	| 0	| 0	| 0	| 0	| 0	| 0	| 0	| 0	| 0	| 0	| 0	| 0	|
| SigmaE	| 0	| 0	| 0	| 0	| 0	| 0	| 0	| 0	| 88	| 0	| 0	| 0	|
| EnumF	| 0	| 0	| 0	| 0	| 0	| 0	| 0	| 0	| 0	| 90	| 0	| 0	|
| IqF	| 0	| 0	| 0	| 0	| 0	| 0	| 0	| 0	| 0	| 0	| 0	| 0	|
| IqE	| 0	| 0	| 0	| 0	| 0	| 0	| 0	| 0	| 0	| 0	| 0	| 8	|

