Scores:
|	| Prec 	| Rec 	| F1 	| Supp 	|
| SigmaE	| 0.128	| 0.489	| 0.203	| 45	|
| Var	| 1.000	| 0.000	| 0.000	| 45	|
| PiE	| 0.099	| 0.311	| 0.150	| 45	|
| PiF	| 0.103	| 0.133	| 0.117	| 45	|
| Con	| 1.000	| 0.000	| 0.000	| 45	|
| SigmaF	| 0.000	| 0.000	| 0.000	| 45	|
| TypeF	| 1.000	| 0.000	| 0.000	| 24	|
| PiI	| 1.000	| 0.000	| 0.000	| 31	|
| SigmaI	| 1.000	| 0.000	| 0.000	| 1	|
| EnumF	| 1.000	| 0.000	| 0.000	| 45	|
| IqF	| 1.000	| 0.000	| 0.000	| 1	|
| IqE	| 1.000	| 0.000	| 0.000	| 4	|

| micro	| 0.112	| 0.112	| 0.112	| 376	|
| macro	| 0.694	| 0.078	| 0.039	| 376	|
| w-avg	| 0.561	| 0.112	| 0.056	| 376	|

Confusion matrix: 
|	| SigmaE	| Var	| PiE	| PiF	| Con	| SigmaF	| TypeF	| PiI	| SigmaI	| EnumF	| IqF	| IqE	|
| SigmaE	| 22	| 17	| 25	| 23	| 24	| 19	| 5	| 11	| 1	| 20	| 1	| 4	|
| Var	| 0	| 0	| 0	| 0	| 0	| 0	| 0	| 0	| 0	| 0	| 0	| 0	|
| PiE	| 19	| 23	| 14	| 16	| 14	| 19	| 8	| 16	| 0	| 13	| 0	| 0	|
| PiF	| 4	| 5	| 4	| 6	| 7	| 7	| 9	| 4	| 0	| 12	| 0	| 0	|
| Con	| 0	| 0	| 0	| 0	| 0	| 0	| 0	| 0	| 0	| 0	| 0	| 0	|
| SigmaF	| 0	| 0	| 2	| 0	| 0	| 0	| 2	| 0	| 0	| 0	| 0	| 0	|
| TypeF	| 0	| 0	| 0	| 0	| 0	| 0	| 0	| 0	| 0	| 0	| 0	| 0	|
| PiI	| 0	| 0	| 0	| 0	| 0	| 0	| 0	| 0	| 0	| 0	| 0	| 0	|
| SigmaI	| 0	| 0	| 0	| 0	| 0	| 0	| 0	| 0	| 0	| 0	| 0	| 0	|
| EnumF	| 0	| 0	| 0	| 0	| 0	| 0	| 0	| 0	| 0	| 0	| 0	| 0	|
| IqF	| 0	| 0	| 0	| 0	| 0	| 0	| 0	| 0	| 0	| 0	| 0	| 0	|
| IqE	| 0	| 0	| 0	| 0	| 0	| 0	| 0	| 0	| 0	| 0	| 0	| 0	|

