Scores:
|	| Prec 	| Rec 	| F1 	| Supp 	|
| PiE	| 0.128	| 0.111	| 0.119	| 45	|
| Var	| 1.000	| 0.000	| 0.000	| 45	|
| SigmaE	| 0.121	| 0.578	| 0.201	| 45	|
| PiF	| 0.146	| 0.156	| 0.151	| 45	|
| SigmaF	| 0.159	| 0.156	| 0.157	| 45	|
| EnumF	| 0.042	| 0.022	| 0.029	| 45	|
| Con	| 1.000	| 0.000	| 0.000	| 45	|
| TypeF	| 0.100	| 0.042	| 0.059	| 24	|
| PiI	| 1.000	| 0.000	| 0.000	| 31	|
| SigmaI	| 1.000	| 0.000	| 0.000	| 2	|
| IqF	| 1.000	| 0.000	| 0.000	| 2	|
| IqE	| 1.000	| 0.000	| 0.000	| 5	|

| micro	| 0.124	| 0.124	| 0.124	| 379	|
| macro	| 0.558	| 0.089	| 0.060	| 379	|
| w-avg	| 0.420	| 0.124	| 0.082	| 379	|

Confusion matrix: 
|	| PiE	| Var	| SigmaE	| PiF	| SigmaF	| EnumF	| Con	| TypeF	| PiI	| SigmaI	| IqF	| IqE	|
| PiE	| 5	| 3	| 2	| 6	| 5	| 4	| 4	| 5	| 5	| 0	| 0	| 0	|
| Var	| 0	| 0	| 0	| 0	| 0	| 0	| 0	| 0	| 0	| 0	| 0	| 0	|
| SigmaE	| 21	| 32	| 26	| 24	| 20	| 32	| 24	| 7	| 20	| 1	| 2	| 5	|
| PiF	| 6	| 3	| 8	| 7	| 6	| 2	| 4	| 9	| 2	| 1	| 0	| 0	|
| SigmaF	| 9	| 5	| 7	| 2	| 7	| 6	| 6	| 0	| 2	| 0	| 0	| 0	|
| EnumF	| 3	| 2	| 1	| 4	| 5	| 1	| 5	| 2	| 1	| 0	| 0	| 0	|
| Con	| 0	| 0	| 0	| 0	| 0	| 0	| 0	| 0	| 0	| 0	| 0	| 0	|
| TypeF	| 1	| 0	| 1	| 2	| 2	| 0	| 2	| 1	| 1	| 0	| 0	| 0	|
| PiI	| 0	| 0	| 0	| 0	| 0	| 0	| 0	| 0	| 0	| 0	| 0	| 0	|
| SigmaI	| 0	| 0	| 0	| 0	| 0	| 0	| 0	| 0	| 0	| 0	| 0	| 0	|
| IqF	| 0	| 0	| 0	| 0	| 0	| 0	| 0	| 0	| 0	| 0	| 0	| 0	|
| IqE	| 0	| 0	| 0	| 0	| 0	| 0	| 0	| 0	| 0	| 0	| 0	| 0	|

