Scores:
|	| Prec 	| Rec 	| F1 	| Supp 	|
| SigmaE	| 0.159	| 0.644	| 0.256	| 45	|
| Var	| 1.000	| 0.000	| 0.000	| 45	|
| Con	| 0.144	| 0.311	| 0.197	| 45	|
| PiF	| 0.154	| 0.267	| 0.195	| 45	|
| PiE	| 0.000	| 0.000	| 0.000	| 45	|
| TypeF	| 1.000	| 0.000	| 0.000	| 24	|
| PiI	| 1.000	| 0.000	| 0.000	| 31	|
| SigmaF	| 1.000	| 0.000	| 0.000	| 45	|
| SigmaI	| 1.000	| 0.000	| 0.000	| 2	|
| EnumF	| 1.000	| 0.000	| 0.000	| 45	|
| IqF	| 1.000	| 0.000	| 0.000	| 2	|
| IqE	| 1.000	| 0.000	| 0.000	| 4	|

| micro	| 0.146	| 0.146	| 0.146	| 378	|
| macro	| 0.705	| 0.102	| 0.054	| 378	|
| w-avg	| 0.578	| 0.146	| 0.077	| 378	|

Confusion matrix: 
|	| SigmaE	| Var	| Con	| PiF	| PiE	| TypeF	| PiI	| SigmaF	| SigmaI	| EnumF	| IqF	| IqE	|
| SigmaE	| 29	| 21	| 17	| 29	| 12	| 9	| 16	| 18	| 2	| 23	| 2	| 4	|
| Var	| 0	| 0	| 0	| 0	| 0	| 0	| 0	| 0	| 0	| 0	| 0	| 0	|
| Con	| 3	| 13	| 14	| 4	| 22	| 3	| 10	| 17	| 0	| 11	| 0	| 0	|
| PiF	| 6	| 8	| 9	| 12	| 11	| 12	| 3	| 9	| 0	| 8	| 0	| 0	|
| PiE	| 7	| 3	| 5	| 0	| 0	| 0	| 2	| 1	| 0	| 3	| 0	| 0	|
| TypeF	| 0	| 0	| 0	| 0	| 0	| 0	| 0	| 0	| 0	| 0	| 0	| 0	|
| PiI	| 0	| 0	| 0	| 0	| 0	| 0	| 0	| 0	| 0	| 0	| 0	| 0	|
| SigmaF	| 0	| 0	| 0	| 0	| 0	| 0	| 0	| 0	| 0	| 0	| 0	| 0	|
| SigmaI	| 0	| 0	| 0	| 0	| 0	| 0	| 0	| 0	| 0	| 0	| 0	| 0	|
| EnumF	| 0	| 0	| 0	| 0	| 0	| 0	| 0	| 0	| 0	| 0	| 0	| 0	|
| IqF	| 0	| 0	| 0	| 0	| 0	| 0	| 0	| 0	| 0	| 0	| 0	| 0	|
| IqE	| 0	| 0	| 0	| 0	| 0	| 0	| 0	| 0	| 0	| 0	| 0	| 0	|

