Scores:
|	| Prec 	| Rec 	| F1 	| Supp 	|
| PiF	| 0.167	| 0.244	| 0.198	| 45	|
| Var	| 0.171	| 0.133	| 0.150	| 45	|
| SigmaE	| 0.163	| 0.733	| 0.267	| 45	|
| SigmaF	| 0.091	| 0.111	| 0.100	| 45	|
| Con	| 0.222	| 0.044	| 0.074	| 45	|
| TypeF	| 0.273	| 0.125	| 0.171	| 24	|
| PiI	| 1.000	| 0.000	| 0.000	| 31	|
| PiE	| 1.000	| 0.000	| 0.000	| 45	|
| SigmaI	| 1.000	| 0.000	| 0.000	| 2	|
| EnumF	| 1.000	| 0.000	| 0.000	| 45	|
| IqF	| 1.000	| 0.000	| 0.000	| 2	|
| IqE	| 1.000	| 0.000	| 0.000	| 4	|

| micro	| 0.159	| 0.159	| 0.159	| 378	|
| macro	| 0.591	| 0.116	| 0.080	| 378	|
| w-avg	| 0.456	| 0.159	| 0.105	| 378	|

Confusion matrix: 
|	| PiF	| Var	| SigmaE	| SigmaF	| Con	| TypeF	| PiI	| PiE	| SigmaI	| EnumF	| IqF	| IqE	|
| PiF	| 11	| 6	| 5	| 9	| 7	| 13	| 4	| 2	| 0	| 9	| 0	| 0	|
| Var	| 4	| 6	| 2	| 4	| 5	| 2	| 5	| 2	| 0	| 5	| 0	| 0	|
| SigmaE	| 26	| 26	| 33	| 25	| 19	| 4	| 16	| 26	| 2	| 19	| 2	| 4	|
| SigmaF	| 2	| 2	| 5	| 5	| 10	| 2	| 5	| 13	| 0	| 11	| 0	| 0	|
| Con	| 0	| 3	| 0	| 1	| 2	| 0	| 0	| 2	| 0	| 1	| 0	| 0	|
| TypeF	| 2	| 2	| 0	| 1	| 2	| 3	| 1	| 0	| 0	| 0	| 0	| 0	|
| PiI	| 0	| 0	| 0	| 0	| 0	| 0	| 0	| 0	| 0	| 0	| 0	| 0	|
| PiE	| 0	| 0	| 0	| 0	| 0	| 0	| 0	| 0	| 0	| 0	| 0	| 0	|
| SigmaI	| 0	| 0	| 0	| 0	| 0	| 0	| 0	| 0	| 0	| 0	| 0	| 0	|
| EnumF	| 0	| 0	| 0	| 0	| 0	| 0	| 0	| 0	| 0	| 0	| 0	| 0	|
| IqF	| 0	| 0	| 0	| 0	| 0	| 0	| 0	| 0	| 0	| 0	| 0	| 0	|
| IqE	| 0	| 0	| 0	| 0	| 0	| 0	| 0	| 0	| 0	| 0	| 0	| 0	|

