Scores:
|	| Prec 	| Rec 	| F1 	| Supp 	|
| SigmaE	| 0.158	| 0.733	| 0.260	| 45	|
| Var	| 1.000	| 0.000	| 0.000	| 45	|
| PiF	| 0.271	| 0.289	| 0.280	| 45	|
| PiE	| 0.063	| 0.156	| 0.090	| 45	|
| Con	| 0.250	| 0.044	| 0.075	| 45	|
| TypeF	| 1.000	| 0.000	| 0.000	| 24	|
| PiI	| 1.000	| 0.000	| 0.000	| 31	|
| SigmaF	| 1.000	| 0.000	| 0.000	| 45	|
| SigmaI	| 1.000	| 0.000	| 0.000	| 1	|
| EnumF	| 1.000	| 0.000	| 0.000	| 45	|
| IqF	| 1.000	| 0.000	| 0.000	| 1	|
| IqE	| 1.000	| 0.000	| 0.000	| 4	|

| micro	| 0.146	| 0.146	| 0.146	| 376	|
| macro	| 0.728	| 0.102	| 0.059	| 376	|
| w-avg	| 0.610	| 0.146	| 0.084	| 376	|

Confusion matrix: 
|	| SigmaE	| Var	| PiF	| PiE	| Con	| TypeF	| PiI	| SigmaF	| SigmaI	| EnumF	| IqF	| IqE	|
| SigmaE	| 33	| 24	| 25	| 34	| 18	| 9	| 11	| 23	| 1	| 26	| 1	| 4	|
| Var	| 0	| 0	| 0	| 0	| 0	| 0	| 0	| 0	| 0	| 0	| 0	| 0	|
| PiF	| 3	| 3	| 13	| 2	| 6	| 9	| 4	| 6	| 0	| 2	| 0	| 0	|
| PiE	| 9	| 18	| 7	| 7	| 19	| 6	| 16	| 13	| 0	| 16	| 0	| 0	|
| Con	| 0	| 0	| 0	| 2	| 2	| 0	| 0	| 3	| 0	| 1	| 0	| 0	|
| TypeF	| 0	| 0	| 0	| 0	| 0	| 0	| 0	| 0	| 0	| 0	| 0	| 0	|
| PiI	| 0	| 0	| 0	| 0	| 0	| 0	| 0	| 0	| 0	| 0	| 0	| 0	|
| SigmaF	| 0	| 0	| 0	| 0	| 0	| 0	| 0	| 0	| 0	| 0	| 0	| 0	|
| SigmaI	| 0	| 0	| 0	| 0	| 0	| 0	| 0	| 0	| 0	| 0	| 0	| 0	|
| EnumF	| 0	| 0	| 0	| 0	| 0	| 0	| 0	| 0	| 0	| 0	| 0	| 0	|
| IqF	| 0	| 0	| 0	| 0	| 0	| 0	| 0	| 0	| 0	| 0	| 0	| 0	|
| IqE	| 0	| 0	| 0	| 0	| 0	| 0	| 0	| 0	| 0	| 0	| 0	| 0	|

