Scores:
|	| Prec 	| Rec 	| F1 	| Supp 	|
| SigmaE	| 0.135	| 0.644	| 0.223	| 45	|
| Var	| 1.000	| 0.000	| 0.000	| 45	|
| Con	| 0.181	| 0.378	| 0.245	| 45	|
| PiF	| 0.238	| 0.111	| 0.152	| 45	|
| EnumF	| 0.189	| 0.156	| 0.171	| 45	|
| TypeF	| 0.111	| 0.042	| 0.061	| 24	|
| PiI	| 1.000	| 0.000	| 0.000	| 31	|
| PiE	| 1.000	| 0.000	| 0.000	| 45	|
| SigmaF	| 1.000	| 0.000	| 0.000	| 45	|
| SigmaI	| 1.000	| 0.000	| 0.000	| 1	|
| IqF	| 1.000	| 0.000	| 0.000	| 1	|
| IqE	| 1.000	| 0.000	| 0.000	| 4	|

| micro	| 0.157	| 0.157	| 0.157	| 376	|
| macro	| 0.655	| 0.111	| 0.071	| 376	|
| w-avg	| 0.553	| 0.157	| 0.098	| 376	|

Confusion matrix: 
|	| SigmaE	| Var	| Con	| PiF	| EnumF	| TypeF	| PiI	| PiE	| SigmaF	| SigmaI	| IqF	| IqE	|
| SigmaE	| 29	| 26	| 22	| 26	| 25	| 9	| 23	| 29	| 21	| 1	| 0	| 4	|
| Var	| 0	| 0	| 0	| 0	| 0	| 0	| 0	| 0	| 0	| 0	| 0	| 0	|
| Con	| 10	| 13	| 17	| 12	| 9	| 6	| 4	| 7	| 16	| 0	| 0	| 0	|
| PiF	| 1	| 3	| 1	| 5	| 2	| 4	| 1	| 3	| 1	| 0	| 0	| 0	|
| EnumF	| 5	| 3	| 4	| 0	| 7	| 4	| 2	| 6	| 5	| 0	| 1	| 0	|
| TypeF	| 0	| 0	| 1	| 2	| 2	| 1	| 1	| 0	| 2	| 0	| 0	| 0	|
| PiI	| 0	| 0	| 0	| 0	| 0	| 0	| 0	| 0	| 0	| 0	| 0	| 0	|
| PiE	| 0	| 0	| 0	| 0	| 0	| 0	| 0	| 0	| 0	| 0	| 0	| 0	|
| SigmaF	| 0	| 0	| 0	| 0	| 0	| 0	| 0	| 0	| 0	| 0	| 0	| 0	|
| SigmaI	| 0	| 0	| 0	| 0	| 0	| 0	| 0	| 0	| 0	| 0	| 0	| 0	|
| IqF	| 0	| 0	| 0	| 0	| 0	| 0	| 0	| 0	| 0	| 0	| 0	| 0	|
| IqE	| 0	| 0	| 0	| 0	| 0	| 0	| 0	| 0	| 0	| 0	| 0	| 0	|

