Scores:
|	| Prec 	| Rec 	| F1 	| Supp 	|
| SigmaE	| 0.143	| 0.689	| 0.237	| 45	|
| Var	| 1.000	| 0.000	| 0.000	| 45	|
| PiE	| 0.093	| 0.111	| 0.101	| 45	|
| PiF	| 0.188	| 0.289	| 0.228	| 45	|
| Con	| 0.167	| 0.133	| 0.148	| 45	|
| TypeF	| 1.000	| 0.000	| 0.000	| 24	|
| PiI	| 1.000	| 0.000	| 0.000	| 31	|
| SigmaF	| 1.000	| 0.000	| 0.000	| 45	|
| SigmaI	| 1.000	| 0.000	| 0.000	| 1	|
| EnumF	| 1.000	| 0.000	| 0.000	| 45	|
| IqF	| 1.000	| 0.000	| 0.000	| 1	|
| IqE	| 1.000	| 0.000	| 0.000	| 4	|

| micro	| 0.146	| 0.146	| 0.146	| 376	|
| macro	| 0.716	| 0.102	| 0.059	| 376	|
| w-avg	| 0.592	| 0.146	| 0.085	| 376	|

Confusion matrix: 
|	| SigmaE	| Var	| PiE	| PiF	| Con	| TypeF	| PiI	| SigmaF	| SigmaI	| EnumF	| IqF	| IqE	|
| SigmaE	| 31	| 28	| 33	| 27	| 20	| 9	| 18	| 26	| 1	| 19	| 1	| 4	|
| Var	| 0	| 0	| 0	| 0	| 0	| 0	| 0	| 0	| 0	| 0	| 0	| 0	|
| PiE	| 5	| 6	| 5	| 1	| 15	| 0	| 4	| 6	| 0	| 12	| 0	| 0	|
| PiF	| 4	| 8	| 4	| 13	| 4	| 14	| 4	| 8	| 0	| 10	| 0	| 0	|
| Con	| 5	| 3	| 3	| 4	| 6	| 1	| 5	| 5	| 0	| 4	| 0	| 0	|
| TypeF	| 0	| 0	| 0	| 0	| 0	| 0	| 0	| 0	| 0	| 0	| 0	| 0	|
| PiI	| 0	| 0	| 0	| 0	| 0	| 0	| 0	| 0	| 0	| 0	| 0	| 0	|
| SigmaF	| 0	| 0	| 0	| 0	| 0	| 0	| 0	| 0	| 0	| 0	| 0	| 0	|
| SigmaI	| 0	| 0	| 0	| 0	| 0	| 0	| 0	| 0	| 0	| 0	| 0	| 0	|
| EnumF	| 0	| 0	| 0	| 0	| 0	| 0	| 0	| 0	| 0	| 0	| 0	| 0	|
| IqF	| 0	| 0	| 0	| 0	| 0	| 0	| 0	| 0	| 0	| 0	| 0	| 0	|
| IqE	| 0	| 0	| 0	| 0	| 0	| 0	| 0	| 0	| 0	| 0	| 0	| 0	|

