Scores:
|	| Prec 	| Rec 	| F1 	| Supp 	|
| PiF	| 0.171	| 0.311	| 0.220	| 45	|
| Var	| 1.000	| 0.000	| 0.000	| 45	|
| SigmaE	| 0.143	| 0.667	| 0.235	| 45	|
| Con	| 0.119	| 0.222	| 0.155	| 45	|
| TypeF	| 1.000	| 0.000	| 0.000	| 24	|
| PiI	| 1.000	| 0.000	| 0.000	| 31	|
| PiE	| 1.000	| 0.000	| 0.000	| 45	|
| SigmaF	| 1.000	| 0.000	| 0.000	| 45	|
| SigmaI	| 1.000	| 0.000	| 0.000	| 1	|
| EnumF	| 1.000	| 0.000	| 0.000	| 45	|
| IqF	| 1.000	| 0.000	| 0.000	| 1	|
| IqE	| 1.000	| 0.000	| 0.000	| 4	|

| micro	| 0.144	| 0.144	| 0.144	| 376	|
| macro	| 0.786	| 0.100	| 0.051	| 376	|
| w-avg	| 0.693	| 0.144	| 0.073	| 376	|

Confusion matrix: 
|	| PiF	| Var	| SigmaE	| Con	| TypeF	| PiI	| PiE	| SigmaF	| SigmaI	| EnumF	| IqF	| IqE	|
| PiF	| 14	| 13	| 6	| 9	| 8	| 4	| 10	| 10	| 0	| 8	| 0	| 0	|
| Var	| 0	| 0	| 0	| 0	| 0	| 0	| 0	| 0	| 0	| 0	| 0	| 0	|
| SigmaE	| 26	| 20	| 30	| 26	| 15	| 16	| 20	| 26	| 1	| 25	| 1	| 4	|
| Con	| 5	| 12	| 9	| 10	| 1	| 11	| 15	| 9	| 0	| 12	| 0	| 0	|
| TypeF	| 0	| 0	| 0	| 0	| 0	| 0	| 0	| 0	| 0	| 0	| 0	| 0	|
| PiI	| 0	| 0	| 0	| 0	| 0	| 0	| 0	| 0	| 0	| 0	| 0	| 0	|
| PiE	| 0	| 0	| 0	| 0	| 0	| 0	| 0	| 0	| 0	| 0	| 0	| 0	|
| SigmaF	| 0	| 0	| 0	| 0	| 0	| 0	| 0	| 0	| 0	| 0	| 0	| 0	|
| SigmaI	| 0	| 0	| 0	| 0	| 0	| 0	| 0	| 0	| 0	| 0	| 0	| 0	|
| EnumF	| 0	| 0	| 0	| 0	| 0	| 0	| 0	| 0	| 0	| 0	| 0	| 0	|
| IqF	| 0	| 0	| 0	| 0	| 0	| 0	| 0	| 0	| 0	| 0	| 0	| 0	|
| IqE	| 0	| 0	| 0	| 0	| 0	| 0	| 0	| 0	| 0	| 0	| 0	| 0	|

