Scores:
|	| Prec 	| Rec 	| F1 	| Supp 	|
| Var	| 0.811	| 0.956	| 0.878	| 45	|
| SigmaE	| 0.976	| 0.911	| 0.943	| 45	|
| Con	| 0.925	| 0.822	| 0.871	| 45	|
| PiF	| 0.849	| 1.000	| 0.918	| 45	|
| TypeF	| 1.000	| 0.792	| 0.884	| 24	|
| PiI	| 0.861	| 1.000	| 0.925	| 31	|
| PiE	| 0.975	| 0.867	| 0.918	| 45	|
| SigmaF	| 0.927	| 0.844	| 0.884	| 45	|
| EnumF	| 0.880	| 0.978	| 0.926	| 45	|
| SigmaI	| 1.000	| 0.000	| 0.000	| 1	|
| IqF	| 1.000	| 0.000	| 0.000	| 1	|
| IqE	| 1.000	| 0.500	| 0.667	| 4	|

| micro	| 0.902	| 0.902	| 0.902	| 376	|
| macro	| 0.934	| 0.722	| 0.734	| 376	|
| w-avg	| 0.910	| 0.902	| 0.898	| 376	|

Confusion matrix: 
|	| Var	| SigmaE	| Con	| PiF	| TypeF	| PiI	| PiE	| SigmaF	| EnumF	| SigmaI	| IqF	| IqE	|
| Var	| 43	| 1	| 7	| 0	| 0	| 0	| 0	| 0	| 0	| 0	| 0	| 2	|
| SigmaE	| 1	| 41	| 0	| 0	| 0	| 0	| 0	| 0	| 0	| 0	| 0	| 0	|
| Con	| 1	| 0	| 37	| 0	| 0	| 0	| 2	| 0	| 0	| 0	| 0	| 0	|
| PiF	| 0	| 0	| 1	| 45	| 5	| 0	| 0	| 0	| 1	| 0	| 1	| 0	|
| TypeF	| 0	| 0	| 0	| 0	| 19	| 0	| 0	| 0	| 0	| 0	| 0	| 0	|
| PiI	| 0	| 3	| 0	| 0	| 0	| 31	| 2	| 0	| 0	| 0	| 0	| 0	|
| PiE	| 0	| 0	| 0	| 0	| 0	| 0	| 39	| 1	| 0	| 0	| 0	| 0	|
| SigmaF	| 0	| 0	| 0	| 0	| 0	| 0	| 2	| 38	| 0	| 1	| 0	| 0	|
| EnumF	| 0	| 0	| 0	| 0	| 0	| 0	| 0	| 6	| 44	| 0	| 0	| 0	|
| SigmaI	| 0	| 0	| 0	| 0	| 0	| 0	| 0	| 0	| 0	| 0	| 0	| 0	|
| IqF	| 0	| 0	| 0	| 0	| 0	| 0	| 0	| 0	| 0	| 0	| 0	| 0	|
| IqE	| 0	| 0	| 0	| 0	| 0	| 0	| 0	| 0	| 0	| 0	| 0	| 2	|

