Scores:
|	| Prec 	| Rec 	| F1 	| Supp 	|
| Var	| 0.978	| 1.000	| 0.989	| 90	|
| Con	| 0.978	| 0.989	| 0.983	| 90	|
| PiF	| 0.925	| 0.956	| 0.940	| 90	|
| TypeF	| 1.000	| 0.979	| 0.989	| 48	|
| SigmaF	| 0.934	| 0.944	| 0.939	| 90	|
| PiI	| 0.954	| 1.000	| 0.976	| 62	|
| PiE	| 0.976	| 0.922	| 0.949	| 90	|
| SigmaE	| 0.989	| 0.989	| 0.989	| 90	|
| EnumF	| 0.989	| 0.978	| 0.983	| 90	|
| SigmaI	| 1.000	| 0.333	| 0.500	| 3	|
| IqF	| 1.000	| 0.667	| 0.800	| 3	|
| IqE	| 1.000	| 1.000	| 1.000	| 9	|

| micro	| 0.968	| 0.968	| 0.968	| 755	|
| macro	| 0.977	| 0.896	| 0.920	| 755	|
| w-avg	| 0.969	| 0.968	| 0.967	| 755	|

Confusion matrix: 
|	| Var	| Con	| PiF	| TypeF	| SigmaF	| PiI	| PiE	| SigmaE	| EnumF	| SigmaI	| IqF	| IqE	|
| Var	| 90	| 0	| 0	| 0	| 0	| 0	| 0	| 1	| 0	| 1	| 0	| 0	|
| Con	| 0	| 89	| 0	| 0	| 0	| 0	| 2	| 0	| 0	| 0	| 0	| 0	|
| PiF	| 0	| 1	| 86	| 1	| 3	| 0	| 0	| 0	| 2	| 0	| 0	| 0	|
| TypeF	| 0	| 0	| 0	| 47	| 0	| 0	| 0	| 0	| 0	| 0	| 0	| 0	|
| SigmaF	| 0	| 0	| 4	| 0	| 85	| 0	| 2	| 0	| 0	| 0	| 0	| 0	|
| PiI	| 0	| 0	| 0	| 0	| 0	| 62	| 2	| 0	| 0	| 1	| 0	| 0	|
| PiE	| 0	| 0	| 0	| 0	| 1	| 0	| 83	| 0	| 0	| 0	| 1	| 0	|
| SigmaE	| 0	| 0	| 0	| 0	| 0	| 0	| 1	| 89	| 0	| 0	| 0	| 0	|
| EnumF	| 0	| 0	| 0	| 0	| 1	| 0	| 0	| 0	| 88	| 0	| 0	| 0	|
| SigmaI	| 0	| 0	| 0	| 0	| 0	| 0	| 0	| 0	| 0	| 1	| 0	| 0	|
| IqF	| 0	| 0	| 0	| 0	| 0	| 0	| 0	| 0	| 0	| 0	| 2	| 0	|
| IqE	| 0	| 0	| 0	| 0	| 0	| 0	| 0	| 0	| 0	| 0	| 0	| 9	|

