Scores:
|	| Prec 	| Rec 	| F1 	| Supp 	|
| Con	| 0.135	| 0.156	| 0.144	| 45	|
| Var	| 0.117	| 0.200	| 0.148	| 45	|
| PiF	| 0.144	| 0.667	| 0.236	| 45	|
| SigmaE	| 0.200	| 0.089	| 0.123	| 45	|
| TypeF	| 0.250	| 0.208	| 0.227	| 24	|
| PiI	| 1.000	| 0.000	| 0.000	| 31	|
| PiE	| 1.000	| 0.000	| 0.000	| 45	|
| SigmaF	| 1.000	| 0.000	| 0.000	| 45	|
| SigmaI	| 1.000	| 0.000	| 0.000	| 2	|
| EnumF	| 1.000	| 0.000	| 0.000	| 45	|
| IqF	| 1.000	| 0.000	| 0.000	| 2	|
| IqE	| 1.000	| 0.000	| 0.000	| 4	|

| micro	| 0.146	| 0.146	| 0.146	| 378	|
| macro	| 0.654	| 0.110	| 0.073	| 378	|
| w-avg	| 0.547	| 0.146	| 0.092	| 378	|

Confusion matrix: 
|	| Con	| Var	| PiF	| SigmaE	| TypeF	| PiI	| PiE	| SigmaF	| SigmaI	| EnumF	| IqF	| IqE	|
| Con	| 7	| 10	| 2	| 5	| 1	| 3	| 9	| 8	| 0	| 6	| 1	| 0	|
| Var	| 11	| 9	| 8	| 5	| 5	| 9	| 12	| 11	| 0	| 7	| 0	| 0	|
| PiF	| 18	| 22	| 30	| 31	| 13	| 16	| 21	| 21	| 2	| 30	| 1	| 4	|
| SigmaE	| 4	| 4	| 0	| 4	| 0	| 2	| 1	| 3	| 0	| 2	| 0	| 0	|
| TypeF	| 5	| 0	| 5	| 0	| 5	| 1	| 2	| 2	| 0	| 0	| 0	| 0	|
| PiI	| 0	| 0	| 0	| 0	| 0	| 0	| 0	| 0	| 0	| 0	| 0	| 0	|
| PiE	| 0	| 0	| 0	| 0	| 0	| 0	| 0	| 0	| 0	| 0	| 0	| 0	|
| SigmaF	| 0	| 0	| 0	| 0	| 0	| 0	| 0	| 0	| 0	| 0	| 0	| 0	|
| SigmaI	| 0	| 0	| 0	| 0	| 0	| 0	| 0	| 0	| 0	| 0	| 0	| 0	|
| EnumF	| 0	| 0	| 0	| 0	| 0	| 0	| 0	| 0	| 0	| 0	| 0	| 0	|
| IqF	| 0	| 0	| 0	| 0	| 0	| 0	| 0	| 0	| 0	| 0	| 0	| 0	|
| IqE	| 0	| 0	| 0	| 0	| 0	| 0	| 0	| 0	| 0	| 0	| 0	| 0	|

