Scores:
|	| Prec 	| Rec 	| F1 	| Supp 	|
| PiF	| 0.156	| 0.889	| 0.265	| 45	|
| Var	| 0.170	| 0.178	| 0.174	| 45	|
| Con	| 0.250	| 0.067	| 0.105	| 45	|
| SigmaE	| 0.167	| 0.089	| 0.116	| 45	|
| SigmaF	| 0.132	| 0.111	| 0.120	| 45	|
| TypeF	| 1.000	| 0.000	| 0.000	| 24	|
| PiI	| 1.000	| 0.000	| 0.000	| 31	|
| PiE	| 1.000	| 0.000	| 0.000	| 45	|
| SigmaI	| 1.000	| 0.000	| 0.000	| 2	|
| EnumF	| 1.000	| 0.000	| 0.000	| 45	|
| IqF	| 1.000	| 0.000	| 0.000	| 2	|
| IqE	| 1.000	| 0.000	| 0.000	| 4	|

| micro	| 0.159	| 0.159	| 0.159	| 378	|
| macro	| 0.656	| 0.111	| 0.065	| 378	|
| w-avg	| 0.509	| 0.159	| 0.093	| 378	|

Confusion matrix: 
|	| PiF	| Var	| Con	| SigmaE	| SigmaF	| TypeF	| PiI	| PiE	| SigmaI	| EnumF	| IqF	| IqE	|
| PiF	| 40	| 28	| 26	| 32	| 26	| 17	| 26	| 26	| 2	| 28	| 2	| 4	|
| Var	| 2	| 8	| 5	| 3	| 4	| 2	| 4	| 11	| 0	| 8	| 0	| 0	|
| Con	| 0	| 2	| 3	| 0	| 3	| 0	| 0	| 3	| 0	| 1	| 0	| 0	|
| SigmaE	| 0	| 5	| 4	| 4	| 7	| 0	| 0	| 1	| 0	| 3	| 0	| 0	|
| SigmaF	| 3	| 2	| 7	| 6	| 5	| 5	| 1	| 4	| 0	| 5	| 0	| 0	|
| TypeF	| 0	| 0	| 0	| 0	| 0	| 0	| 0	| 0	| 0	| 0	| 0	| 0	|
| PiI	| 0	| 0	| 0	| 0	| 0	| 0	| 0	| 0	| 0	| 0	| 0	| 0	|
| PiE	| 0	| 0	| 0	| 0	| 0	| 0	| 0	| 0	| 0	| 0	| 0	| 0	|
| SigmaI	| 0	| 0	| 0	| 0	| 0	| 0	| 0	| 0	| 0	| 0	| 0	| 0	|
| EnumF	| 0	| 0	| 0	| 0	| 0	| 0	| 0	| 0	| 0	| 0	| 0	| 0	|
| IqF	| 0	| 0	| 0	| 0	| 0	| 0	| 0	| 0	| 0	| 0	| 0	| 0	|
| IqE	| 0	| 0	| 0	| 0	| 0	| 0	| 0	| 0	| 0	| 0	| 0	| 0	|

