Scores:
|	| Prec 	| Rec 	| F1 	| Supp 	|
| Var	| 0.138	| 0.378	| 0.202	| 45	|
| PiF	| 0.152	| 0.733	| 0.252	| 45	|
| SigmaE	| 0.400	| 0.178	| 0.246	| 45	|
| Con	| 0.357	| 0.111	| 0.169	| 45	|
| TypeF	| 1.000	| 0.000	| 0.000	| 24	|
| IqF	| 0.000	| 0.000	| 0.000	| 1	|
| PiI	| 1.000	| 0.000	| 0.000	| 31	|
| PiE	| 1.000	| 0.000	| 0.000	| 45	|
| SigmaF	| 1.000	| 0.000	| 0.000	| 45	|
| SigmaI	| 1.000	| 0.000	| 0.000	| 1	|
| EnumF	| 1.000	| 0.000	| 0.000	| 45	|
| IqE	| 1.000	| 0.000	| 0.000	| 4	|

| micro	| 0.168	| 0.168	| 0.168	| 376	|
| macro	| 0.671	| 0.117	| 0.072	| 376	|
| w-avg	| 0.644	| 0.168	| 0.104	| 376	|

Confusion matrix: 
|	| Var	| PiF	| SigmaE	| Con	| TypeF	| IqF	| PiI	| PiE	| SigmaF	| SigmaI	| EnumF	| IqE	|
| Var	| 17	| 11	| 10	| 21	| 10	| 0	| 8	| 16	| 15	| 1	| 14	| 0	|
| PiF	| 27	| 33	| 26	| 18	| 14	| 1	| 22	| 24	| 22	| 0	| 26	| 4	|
| SigmaE	| 1	| 0	| 8	| 1	| 0	| 0	| 0	| 2	| 4	| 0	| 4	| 0	|
| Con	| 0	| 0	| 1	| 5	| 0	| 0	| 0	| 3	| 4	| 0	| 1	| 0	|
| TypeF	| 0	| 0	| 0	| 0	| 0	| 0	| 0	| 0	| 0	| 0	| 0	| 0	|
| IqF	| 0	| 1	| 0	| 0	| 0	| 0	| 1	| 0	| 0	| 0	| 0	| 0	|
| PiI	| 0	| 0	| 0	| 0	| 0	| 0	| 0	| 0	| 0	| 0	| 0	| 0	|
| PiE	| 0	| 0	| 0	| 0	| 0	| 0	| 0	| 0	| 0	| 0	| 0	| 0	|
| SigmaF	| 0	| 0	| 0	| 0	| 0	| 0	| 0	| 0	| 0	| 0	| 0	| 0	|
| SigmaI	| 0	| 0	| 0	| 0	| 0	| 0	| 0	| 0	| 0	| 0	| 0	| 0	|
| EnumF	| 0	| 0	| 0	| 0	| 0	| 0	| 0	| 0	| 0	| 0	| 0	| 0	|
| IqE	| 0	| 0	| 0	| 0	| 0	| 0	| 0	| 0	| 0	| 0	| 0	| 0	|

