Scores:
|	| Prec 	| Rec 	| F1 	| Supp 	|
| PiF	| 0.151	| 0.844	| 0.257	| 45	|
| Var	| 1.000	| 0.000	| 0.000	| 45	|
| EnumF	| 0.250	| 0.267	| 0.258	| 45	|
| Con	| 0.182	| 0.267	| 0.216	| 45	|
| SigmaE	| 0.300	| 0.067	| 0.109	| 45	|
| TypeF	| 1.000	| 0.000	| 0.000	| 24	|
| PiI	| 1.000	| 0.000	| 0.000	| 31	|
| SigmaF	| 0.000	| 0.000	| 0.000	| 45	|
| PiE	| 1.000	| 0.000	| 0.000	| 45	|
| SigmaI	| 1.000	| 0.000	| 0.000	| 1	|
| IqF	| 1.000	| 0.000	| 0.000	| 1	|
| IqE	| 1.000	| 0.000	| 0.000	| 4	|

| micro	| 0.173	| 0.173	| 0.173	| 376	|
| macro	| 0.657	| 0.120	| 0.070	| 376	|
| w-avg	| 0.507	| 0.173	| 0.101	| 376	|

Confusion matrix: 
|	| PiF	| Var	| EnumF	| Con	| SigmaE	| TypeF	| PiI	| SigmaF	| PiE	| SigmaI	| IqF	| IqE	|
| PiF	| 38	| 28	| 21	| 24	| 35	| 19	| 14	| 32	| 34	| 1	| 1	| 4	|
| Var	| 0	| 0	| 0	| 0	| 0	| 0	| 0	| 0	| 0	| 0	| 0	| 0	|
| EnumF	| 6	| 5	| 12	| 7	| 2	| 4	| 7	| 2	| 3	| 0	| 0	| 0	|
| Con	| 1	| 11	| 12	| 12	| 5	| 1	| 9	| 8	| 7	| 0	| 0	| 0	|
| SigmaE	| 0	| 1	| 0	| 2	| 3	| 0	| 0	| 3	| 1	| 0	| 0	| 0	|
| TypeF	| 0	| 0	| 0	| 0	| 0	| 0	| 0	| 0	| 0	| 0	| 0	| 0	|
| PiI	| 0	| 0	| 0	| 0	| 0	| 0	| 0	| 0	| 0	| 0	| 0	| 0	|
| SigmaF	| 0	| 0	| 0	| 0	| 0	| 0	| 1	| 0	| 0	| 0	| 0	| 0	|
| PiE	| 0	| 0	| 0	| 0	| 0	| 0	| 0	| 0	| 0	| 0	| 0	| 0	|
| SigmaI	| 0	| 0	| 0	| 0	| 0	| 0	| 0	| 0	| 0	| 0	| 0	| 0	|
| IqF	| 0	| 0	| 0	| 0	| 0	| 0	| 0	| 0	| 0	| 0	| 0	| 0	|
| IqE	| 0	| 0	| 0	| 0	| 0	| 0	| 0	| 0	| 0	| 0	| 0	| 0	|

