Scores:
|	| Prec 	| Rec 	| F1 	| Supp 	|
| Con	| 0.152	| 0.333	| 0.208	| 45	|
| Var	| 0.133	| 0.556	| 0.215	| 45	|
| PiF	| 0.194	| 0.289	| 0.232	| 45	|
| SigmaE	| 0.286	| 0.133	| 0.182	| 45	|
| TypeF	| 1.000	| 0.000	| 0.000	| 24	|
| EnumF	| 0.000	| 0.000	| 0.000	| 45	|
| PiI	| 1.000	| 0.000	| 0.000	| 31	|
| PiE	| 1.000	| 0.000	| 0.000	| 45	|
| SigmaF	| 1.000	| 0.000	| 0.000	| 45	|
| SigmaI	| 1.000	| 0.000	| 0.000	| 1	|
| IqF	| 1.000	| 0.000	| 0.000	| 1	|
| IqE	| 1.000	| 0.000	| 0.000	| 4	|

| micro	| 0.157	| 0.157	| 0.157	| 376	|
| macro	| 0.647	| 0.109	| 0.070	| 376	|
| w-avg	| 0.493	| 0.157	| 0.100	| 376	|

Confusion matrix: 
|	| Con	| Var	| PiF	| SigmaE	| TypeF	| EnumF	| PiI	| PiE	| SigmaF	| SigmaI	| IqF	| IqE	|
| Con	| 15	| 15	| 7	| 10	| 5	| 17	| 3	| 14	| 13	| 0	| 0	| 0	|
| Var	| 21	| 25	| 24	| 26	| 7	| 16	| 25	| 19	| 19	| 1	| 1	| 4	|
| PiF	| 6	| 4	| 13	| 3	| 12	| 6	| 3	| 9	| 11	| 0	| 0	| 0	|
| SigmaE	| 3	| 1	| 0	| 6	| 0	| 6	| 0	| 3	| 2	| 0	| 0	| 0	|
| TypeF	| 0	| 0	| 0	| 0	| 0	| 0	| 0	| 0	| 0	| 0	| 0	| 0	|
| EnumF	| 0	| 0	| 1	| 0	| 0	| 0	| 0	| 0	| 0	| 0	| 0	| 0	|
| PiI	| 0	| 0	| 0	| 0	| 0	| 0	| 0	| 0	| 0	| 0	| 0	| 0	|
| PiE	| 0	| 0	| 0	| 0	| 0	| 0	| 0	| 0	| 0	| 0	| 0	| 0	|
| SigmaF	| 0	| 0	| 0	| 0	| 0	| 0	| 0	| 0	| 0	| 0	| 0	| 0	|
| SigmaI	| 0	| 0	| 0	| 0	| 0	| 0	| 0	| 0	| 0	| 0	| 0	| 0	|
| IqF	| 0	| 0	| 0	| 0	| 0	| 0	| 0	| 0	| 0	| 0	| 0	| 0	|
| IqE	| 0	| 0	| 0	| 0	| 0	| 0	| 0	| 0	| 0	| 0	| 0	| 0	|

