Scores:
|	| Prec 	| Rec 	| F1 	| Supp 	|
| Var	| 0.833	| 0.944	| 0.885	| 90	|
| PiI	| 0.766	| 0.952	| 0.849	| 62	|
| PiF	| 0.851	| 0.889	| 0.870	| 90	|
| SigmaE	| 0.896	| 0.956	| 0.925	| 90	|
| Con	| 0.967	| 0.644	| 0.773	| 90	|
| PiE	| 0.884	| 0.933	| 0.908	| 90	|
| TypeF	| 1.000	| 0.938	| 0.968	| 48	|
| SigmaF	| 0.886	| 0.867	| 0.876	| 90	|
| EnumF	| 0.884	| 0.933	| 0.908	| 90	|
| SigmaI	| 1.000	| 0.000	| 0.000	| 2	|
| IqF	| 1.000	| 0.000	| 0.000	| 2	|
| IqE	| 1.000	| 0.000	| 0.000	| 8	|

| micro	| 0.876	| 0.876	| 0.876	| 752	|
| macro	| 0.914	| 0.671	| 0.664	| 752	|
| w-avg	| 0.885	| 0.876	| 0.867	| 752	|

Confusion matrix: 
|	| Var	| PiI	| PiF	| SigmaE	| Con	| PiE	| TypeF	| SigmaF	| EnumF	| SigmaI	| IqF	| IqE	|
| Var	| 85	| 0	| 0	| 3	| 12	| 0	| 0	| 0	| 0	| 2	| 0	| 0	|
| PiI	| 1	| 59	| 0	| 0	| 13	| 3	| 0	| 0	| 1	| 0	| 0	| 0	|
| PiF	| 2	| 3	| 80	| 1	| 1	| 0	| 3	| 2	| 2	| 0	| 0	| 0	|
| SigmaE	| 2	| 0	| 0	| 86	| 0	| 0	| 0	| 0	| 0	| 0	| 0	| 8	|
| Con	| 0	| 0	| 0	| 0	| 58	| 2	| 0	| 0	| 0	| 0	| 0	| 0	|
| PiE	| 0	| 0	| 3	| 0	| 6	| 84	| 0	| 0	| 0	| 0	| 2	| 0	|
| TypeF	| 0	| 0	| 0	| 0	| 0	| 0	| 45	| 0	| 0	| 0	| 0	| 0	|
| SigmaF	| 0	| 0	| 6	| 0	| 0	| 1	| 0	| 78	| 3	| 0	| 0	| 0	|
| EnumF	| 0	| 0	| 1	| 0	| 0	| 0	| 0	| 10	| 84	| 0	| 0	| 0	|
| SigmaI	| 0	| 0	| 0	| 0	| 0	| 0	| 0	| 0	| 0	| 0	| 0	| 0	|
| IqF	| 0	| 0	| 0	| 0	| 0	| 0	| 0	| 0	| 0	| 0	| 0	| 0	|
| IqE	| 0	| 0	| 0	| 0	| 0	| 0	| 0	| 0	| 0	| 0	| 0	| 0	|

