Scores:
|	| Prec 	| Rec 	| F1 	| Supp 	|
| PiF	| 0.154	| 0.867	| 0.262	| 45	|
| Var	| 1.000	| 0.000	| 0.000	| 45	|
| Con	| 0.189	| 0.444	| 0.265	| 45	|
| SigmaE	| 0.412	| 0.156	| 0.226	| 45	|
| TypeF	| 1.000	| 0.000	| 0.000	| 24	|
| PiI	| 1.000	| 0.000	| 0.000	| 31	|
| PiE	| 1.000	| 0.000	| 0.000	| 45	|
| SigmaF	| 1.000	| 0.000	| 0.000	| 45	|
| SigmaI	| 1.000	| 0.000	| 0.000	| 1	|
| EnumF	| 1.000	| 0.000	| 0.000	| 45	|
| IqF	| 1.000	| 0.000	| 0.000	| 1	|
| IqE	| 1.000	| 0.000	| 0.000	| 4	|

| micro	| 0.176	| 0.176	| 0.176	| 376	|
| macro	| 0.813	| 0.122	| 0.063	| 376	|
| w-avg	| 0.731	| 0.176	| 0.090	| 376	|

Confusion matrix: 
|	| PiF	| Var	| Con	| SigmaE	| TypeF	| PiI	| PiE	| SigmaF	| SigmaI	| EnumF	| IqF	| IqE	|
| PiF	| 39	| 26	| 24	| 33	| 19	| 17	| 30	| 28	| 1	| 31	| 1	| 4	|
| Var	| 0	| 0	| 0	| 0	| 0	| 0	| 0	| 0	| 0	| 0	| 0	| 0	|
| Con	| 6	| 17	| 20	| 5	| 5	| 14	| 13	| 13	| 0	| 13	| 0	| 0	|
| SigmaE	| 0	| 2	| 1	| 7	| 0	| 0	| 2	| 4	| 0	| 1	| 0	| 0	|
| TypeF	| 0	| 0	| 0	| 0	| 0	| 0	| 0	| 0	| 0	| 0	| 0	| 0	|
| PiI	| 0	| 0	| 0	| 0	| 0	| 0	| 0	| 0	| 0	| 0	| 0	| 0	|
| PiE	| 0	| 0	| 0	| 0	| 0	| 0	| 0	| 0	| 0	| 0	| 0	| 0	|
| SigmaF	| 0	| 0	| 0	| 0	| 0	| 0	| 0	| 0	| 0	| 0	| 0	| 0	|
| SigmaI	| 0	| 0	| 0	| 0	| 0	| 0	| 0	| 0	| 0	| 0	| 0	| 0	|
| EnumF	| 0	| 0	| 0	| 0	| 0	| 0	| 0	| 0	| 0	| 0	| 0	| 0	|
| IqF	| 0	| 0	| 0	| 0	| 0	| 0	| 0	| 0	| 0	| 0	| 0	| 0	|
| IqE	| 0	| 0	| 0	| 0	| 0	| 0	| 0	| 0	| 0	| 0	| 0	| 0	|

