Scores:
|	| Prec 	| Rec 	| F1 	| Supp 	|
| Con	| 0.143	| 0.289	| 0.191	| 45	|
| Var	| 1.000	| 0.000	| 0.000	| 45	|
| SigmaF	| 0.098	| 0.422	| 0.160	| 45	|
| PiF	| 0.056	| 0.044	| 0.049	| 45	|
| TypeF	| 0.083	| 0.125	| 0.100	| 24	|
| SigmaE	| 0.300	| 0.133	| 0.185	| 45	|
| PiI	| 1.000	| 0.000	| 0.000	| 31	|
| PiE	| 1.000	| 0.000	| 0.000	| 45	|
| SigmaI	| 1.000	| 0.000	| 0.000	| 1	|
| EnumF	| 1.000	| 0.000	| 0.000	| 45	|
| IqF	| 1.000	| 0.000	| 0.000	| 1	|
| IqE	| 1.000	| 0.000	| 0.000	| 4	|

| micro	| 0.114	| 0.114	| 0.114	| 376	|
| macro	| 0.640	| 0.084	| 0.057	| 376	|
| w-avg	| 0.534	| 0.114	| 0.076	| 376	|

Confusion matrix: 
|	| Con	| Var	| SigmaF	| PiF	| TypeF	| SigmaE	| PiI	| PiE	| SigmaI	| EnumF	| IqF	| IqE	|
| Con	| 13	| 9	| 11	| 4	| 5	| 6	| 8	| 20	| 0	| 15	| 0	| 0	|
| Var	| 0	| 0	| 0	| 0	| 0	| 0	| 0	| 0	| 0	| 0	| 0	| 0	|
| SigmaF	| 19	| 26	| 19	| 29	| 10	| 27	| 17	| 17	| 1	| 23	| 1	| 4	|
| PiF	| 6	| 5	| 6	| 2	| 6	| 0	| 5	| 3	| 0	| 3	| 0	| 0	|
| TypeF	| 6	| 4	| 5	| 9	| 3	| 6	| 1	| 1	| 0	| 1	| 0	| 0	|
| SigmaE	| 1	| 1	| 4	| 1	| 0	| 6	| 0	| 4	| 0	| 3	| 0	| 0	|
| PiI	| 0	| 0	| 0	| 0	| 0	| 0	| 0	| 0	| 0	| 0	| 0	| 0	|
| PiE	| 0	| 0	| 0	| 0	| 0	| 0	| 0	| 0	| 0	| 0	| 0	| 0	|
| SigmaI	| 0	| 0	| 0	| 0	| 0	| 0	| 0	| 0	| 0	| 0	| 0	| 0	|
| EnumF	| 0	| 0	| 0	| 0	| 0	| 0	| 0	| 0	| 0	| 0	| 0	| 0	|
| IqF	| 0	| 0	| 0	| 0	| 0	| 0	| 0	| 0	| 0	| 0	| 0	| 0	|
| IqE	| 0	| 0	| 0	| 0	| 0	| 0	| 0	| 0	| 0	| 0	| 0	| 0	|

