Scores:
|	| Prec 	| Rec 	| F1 	| Supp 	|
| Var	| 0.953	| 0.911	| 0.932	| 45	|
| Con	| 0.911	| 0.911	| 0.911	| 45	|
| PiF	| 0.909	| 0.889	| 0.899	| 45	|
| PiI	| 0.938	| 0.968	| 0.952	| 31	|
| PiE	| 0.909	| 0.889	| 0.899	| 45	|
| TypeF	| 1.000	| 1.000	| 1.000	| 24	|
| SigmaF	| 0.854	| 0.911	| 0.882	| 45	|
| IqE	| 0.800	| 1.000	| 0.889	| 4	|
| EnumF	| 0.978	| 1.000	| 0.989	| 45	|
| SigmaI	| 1.000	| 0.000	| 0.000	| 1	|
| SigmaE	| 1.000	| 1.000	| 1.000	| 45	|
| IqF	| 1.000	| 0.000	| 0.000	| 1	|

| micro	| 0.934	| 0.934	| 0.934	| 376	|
| macro	| 0.938	| 0.790	| 0.779	| 376	|
| w-avg	| 0.935	| 0.934	| 0.931	| 376	|

Confusion matrix: 
|	| Var	| Con	| PiF	| PiI	| PiE	| TypeF	| SigmaF	| IqE	| EnumF	| SigmaI	| SigmaE	| IqF	|
| Var	| 41	| 2	| 0	| 0	| 0	| 0	| 0	| 0	| 0	| 0	| 0	| 0	|
| Con	| 2	| 41	| 1	| 0	| 1	| 0	| 0	| 0	| 0	| 0	| 0	| 0	|
| PiF	| 2	| 0	| 40	| 0	| 0	| 0	| 2	| 0	| 0	| 0	| 0	| 0	|
| PiI	| 0	| 1	| 0	| 30	| 1	| 0	| 0	| 0	| 0	| 0	| 0	| 0	|
| PiE	| 0	| 1	| 0	| 0	| 40	| 0	| 1	| 0	| 0	| 1	| 0	| 1	|
| TypeF	| 0	| 0	| 0	| 0	| 0	| 24	| 0	| 0	| 0	| 0	| 0	| 0	|
| SigmaF	| 0	| 0	| 4	| 0	| 3	| 0	| 41	| 0	| 0	| 0	| 0	| 0	|
| IqE	| 0	| 0	| 0	| 1	| 0	| 0	| 0	| 4	| 0	| 0	| 0	| 0	|
| EnumF	| 0	| 0	| 0	| 0	| 0	| 0	| 1	| 0	| 45	| 0	| 0	| 0	|
| SigmaI	| 0	| 0	| 0	| 0	| 0	| 0	| 0	| 0	| 0	| 0	| 0	| 0	|
| SigmaE	| 0	| 0	| 0	| 0	| 0	| 0	| 0	| 0	| 0	| 0	| 45	| 0	|
| IqF	| 0	| 0	| 0	| 0	| 0	| 0	| 0	| 0	| 0	| 0	| 0	| 0	|

