Scores:
|	| Prec 	| Rec 	| F1 	| Supp 	|
| PiF	| 0.148	| 0.856	| 0.252	| 90	|
| Var	| 0.159	| 0.122	| 0.138	| 90	|
| Con	| 0.187	| 0.222	| 0.203	| 90	|
| SigmaF	| 0.222	| 0.133	| 0.167	| 90	|
| TypeF	| 1.000	| 0.000	| 0.000	| 48	|
| PiI	| 1.000	| 0.000	| 0.000	| 62	|
| PiE	| 1.000	| 0.000	| 0.000	| 90	|
| SigmaI	| 1.000	| 0.000	| 0.000	| 2	|
| SigmaE	| 1.000	| 0.000	| 0.000	| 90	|
| EnumF	| 1.000	| 0.000	| 0.000	| 90	|
| IqF	| 1.000	| 0.000	| 0.000	| 2	|
| IqE	| 1.000	| 0.000	| 0.000	| 8	|

| micro	| 0.160	| 0.160	| 0.160	| 752	|
| macro	| 0.726	| 0.111	| 0.063	| 752	|
| w-avg	| 0.607	| 0.160	| 0.091	| 752	|

Confusion matrix: 
|	| PiF	| Var	| Con	| SigmaF	| TypeF	| PiI	| PiE	| SigmaI	| SigmaE	| EnumF	| IqF	| IqE	|
| PiF	| 77	| 56	| 57	| 56	| 40	| 43	| 52	| 2	| 69	| 61	| 1	| 8	|
| Var	| 9	| 11	| 4	| 5	| 6	| 9	| 10	| 0	| 6	| 8	| 1	| 0	|
| Con	| 3	| 15	| 20	| 17	| 2	| 10	| 19	| 0	| 8	| 13	| 0	| 0	|
| SigmaF	| 1	| 8	| 9	| 12	| 0	| 0	| 9	| 0	| 7	| 8	| 0	| 0	|
| TypeF	| 0	| 0	| 0	| 0	| 0	| 0	| 0	| 0	| 0	| 0	| 0	| 0	|
| PiI	| 0	| 0	| 0	| 0	| 0	| 0	| 0	| 0	| 0	| 0	| 0	| 0	|
| PiE	| 0	| 0	| 0	| 0	| 0	| 0	| 0	| 0	| 0	| 0	| 0	| 0	|
| SigmaI	| 0	| 0	| 0	| 0	| 0	| 0	| 0	| 0	| 0	| 0	| 0	| 0	|
| SigmaE	| 0	| 0	| 0	| 0	| 0	| 0	| 0	| 0	| 0	| 0	| 0	| 0	|
| EnumF	| 0	| 0	| 0	| 0	| 0	| 0	| 0	| 0	| 0	| 0	| 0	| 0	|
| IqF	| 0	| 0	| 0	| 0	| 0	| 0	| 0	| 0	| 0	| 0	| 0	| 0	|
| IqE	| 0	| 0	| 0	| 0	| 0	| 0	| 0	| 0	| 0	| 0	| 0	| 0	|

