Scores:
|	| Prec 	| Rec 	| F1 	| Supp 	|
| SigmaE	| 0.155	| 0.667	| 0.252	| 45	|
| Var	| 1.000	| 0.000	| 0.000	| 45	|
| Con	| 0.196	| 0.400	| 0.263	| 45	|
| PiF	| 0.154	| 0.311	| 0.206	| 45	|
| TypeF	| 1.000	| 0.000	| 0.000	| 24	|
| PiI	| 1.000	| 0.000	| 0.000	| 31	|
| PiE	| 1.000	| 0.000	| 0.000	| 45	|
| SigmaF	| 1.000	| 0.000	| 0.000	| 45	|
| SigmaI	| 1.000	| 0.000	| 0.000	| 1	|
| EnumF	| 1.000	| 0.000	| 0.000	| 45	|
| IqF	| 1.000	| 0.000	| 0.000	| 1	|
| IqE	| 1.000	| 0.000	| 0.000	| 4	|

| micro	| 0.165	| 0.165	| 0.165	| 376	|
| macro	| 0.792	| 0.115	| 0.060	| 376	|
| w-avg	| 0.701	| 0.165	| 0.086	| 376	|

Confusion matrix: 
|	| SigmaE	| Var	| Con	| PiF	| TypeF	| PiI	| PiE	| SigmaF	| SigmaI	| EnumF	| IqF	| IqE	|
| SigmaE	| 30	| 20	| 18	| 23	| 10	| 15	| 23	| 24	| 0	| 25	| 1	| 4	|
| Var	| 0	| 0	| 0	| 0	| 0	| 0	| 0	| 0	| 0	| 0	| 0	| 0	|
| Con	| 7	| 9	| 18	| 8	| 4	| 10	| 13	| 12	| 0	| 11	| 0	| 0	|
| PiF	| 8	| 16	| 9	| 14	| 10	| 6	| 9	| 9	| 1	| 9	| 0	| 0	|
| TypeF	| 0	| 0	| 0	| 0	| 0	| 0	| 0	| 0	| 0	| 0	| 0	| 0	|
| PiI	| 0	| 0	| 0	| 0	| 0	| 0	| 0	| 0	| 0	| 0	| 0	| 0	|
| PiE	| 0	| 0	| 0	| 0	| 0	| 0	| 0	| 0	| 0	| 0	| 0	| 0	|
| SigmaF	| 0	| 0	| 0	| 0	| 0	| 0	| 0	| 0	| 0	| 0	| 0	| 0	|
| SigmaI	| 0	| 0	| 0	| 0	| 0	| 0	| 0	| 0	| 0	| 0	| 0	| 0	|
| EnumF	| 0	| 0	| 0	| 0	| 0	| 0	| 0	| 0	| 0	| 0	| 0	| 0	|
| IqF	| 0	| 0	| 0	| 0	| 0	| 0	| 0	| 0	| 0	| 0	| 0	| 0	|
| IqE	| 0	| 0	| 0	| 0	| 0	| 0	| 0	| 0	| 0	| 0	| 0	| 0	|

