Scores:
|	| Prec 	| Rec 	| F1 	| Supp 	|
| SigmaE	| 0.158	| 0.822	| 0.265	| 45	|
| Var	| 0.083	| 0.044	| 0.058	| 45	|
| PiE	| 0.087	| 0.200	| 0.122	| 45	|
| Con	| 1.000	| 0.000	| 0.000	| 45	|
| PiF	| 0.267	| 0.089	| 0.133	| 45	|
| TypeF	| 1.000	| 0.000	| 0.000	| 24	|
| PiI	| 1.000	| 0.000	| 0.000	| 31	|
| SigmaF	| 1.000	| 0.000	| 0.000	| 45	|
| SigmaI	| 1.000	| 0.000	| 0.000	| 1	|
| EnumF	| 1.000	| 0.000	| 0.000	| 45	|
| IqF	| 1.000	| 0.000	| 0.000	| 1	|
| IqE	| 1.000	| 0.000	| 0.000	| 4	|

| micro	| 0.138	| 0.138	| 0.138	| 376	|
| macro	| 0.716	| 0.096	| 0.048	| 376	|
| w-avg	| 0.593	| 0.138	| 0.069	| 376	|

Confusion matrix: 
|	| SigmaE	| Var	| PiE	| Con	| PiF	| TypeF	| PiI	| SigmaF	| SigmaI	| EnumF	| IqF	| IqE	|
| SigmaE	| 37	| 29	| 30	| 24	| 30	| 9	| 18	| 23	| 1	| 29	| 0	| 4	|
| Var	| 2	| 2	| 5	| 2	| 4	| 2	| 2	| 4	| 0	| 1	| 0	| 0	|
| PiE	| 6	| 14	| 9	| 18	| 7	| 7	| 10	| 17	| 0	| 14	| 1	| 0	|
| Con	| 0	| 0	| 0	| 0	| 0	| 0	| 0	| 0	| 0	| 0	| 0	| 0	|
| PiF	| 0	| 0	| 1	| 1	| 4	| 6	| 1	| 1	| 0	| 1	| 0	| 0	|
| TypeF	| 0	| 0	| 0	| 0	| 0	| 0	| 0	| 0	| 0	| 0	| 0	| 0	|
| PiI	| 0	| 0	| 0	| 0	| 0	| 0	| 0	| 0	| 0	| 0	| 0	| 0	|
| SigmaF	| 0	| 0	| 0	| 0	| 0	| 0	| 0	| 0	| 0	| 0	| 0	| 0	|
| SigmaI	| 0	| 0	| 0	| 0	| 0	| 0	| 0	| 0	| 0	| 0	| 0	| 0	|
| EnumF	| 0	| 0	| 0	| 0	| 0	| 0	| 0	| 0	| 0	| 0	| 0	| 0	|
| IqF	| 0	| 0	| 0	| 0	| 0	| 0	| 0	| 0	| 0	| 0	| 0	| 0	|
| IqE	| 0	| 0	| 0	| 0	| 0	| 0	| 0	| 0	| 0	| 0	| 0	| 0	|

