Scores:
|	| Prec 	| Rec 	| F1 	| Supp 	|
| PiF	| 0.139	| 0.667	| 0.230	| 45	|
| Var	| 1.000	| 0.000	| 0.000	| 45	|
| TypeF	| 0.164	| 0.375	| 0.228	| 24	|
| Con	| 0.160	| 0.289	| 0.206	| 45	|
| SigmaE	| 0.167	| 0.089	| 0.116	| 45	|
| PiI	| 1.000	| 0.000	| 0.000	| 31	|
| PiE	| 1.000	| 0.000	| 0.000	| 45	|
| SigmaF	| 1.000	| 0.000	| 0.000	| 45	|
| SigmaI	| 1.000	| 0.000	| 0.000	| 1	|
| EnumF	| 1.000	| 0.000	| 0.000	| 45	|
| IqF	| 1.000	| 0.000	| 0.000	| 1	|
| IqE	| 1.000	| 0.000	| 0.000	| 4	|

| micro	| 0.149	| 0.149	| 0.149	| 376	|
| macro	| 0.719	| 0.118	| 0.065	| 376	|
| w-avg	| 0.643	| 0.149	| 0.081	| 376	|

Confusion matrix: 
|	| PiF	| Var	| TypeF	| Con	| SigmaE	| PiI	| PiE	| SigmaF	| SigmaI	| EnumF	| IqF	| IqE	|
| PiF	| 30	| 21	| 10	| 26	| 30	| 23	| 21	| 25	| 1	| 24	| 1	| 4	|
| Var	| 0	| 0	| 0	| 0	| 0	| 0	| 0	| 0	| 0	| 0	| 0	| 0	|
| TypeF	| 8	| 6	| 9	| 4	| 7	| 3	| 7	| 3	| 0	| 8	| 0	| 0	|
| Con	| 7	| 14	| 4	| 13	| 4	| 5	| 13	| 12	| 0	| 9	| 0	| 0	|
| SigmaE	| 0	| 4	| 1	| 2	| 4	| 0	| 4	| 5	| 0	| 4	| 0	| 0	|
| PiI	| 0	| 0	| 0	| 0	| 0	| 0	| 0	| 0	| 0	| 0	| 0	| 0	|
| PiE	| 0	| 0	| 0	| 0	| 0	| 0	| 0	| 0	| 0	| 0	| 0	| 0	|
| SigmaF	| 0	| 0	| 0	| 0	| 0	| 0	| 0	| 0	| 0	| 0	| 0	| 0	|
| SigmaI	| 0	| 0	| 0	| 0	| 0	| 0	| 0	| 0	| 0	| 0	| 0	| 0	|
| EnumF	| 0	| 0	| 0	| 0	| 0	| 0	| 0	| 0	| 0	| 0	| 0	| 0	|
| IqF	| 0	| 0	| 0	| 0	| 0	| 0	| 0	| 0	| 0	| 0	| 0	| 0	|
| IqE	| 0	| 0	| 0	| 0	| 0	| 0	| 0	| 0	| 0	| 0	| 0	| 0	|

