Scores:
|	| Prec 	| Rec 	| F1 	| Supp 	|
| EnumF	| 0.105	| 0.400	| 0.166	| 45	|
| Var	| 1.000	| 0.000	| 0.000	| 45	|
| SigmaF	| 0.107	| 0.178	| 0.133	| 45	|
| Con	| 0.103	| 0.222	| 0.141	| 45	|
| PiF	| 0.091	| 0.022	| 0.036	| 45	|
| SigmaE	| 0.238	| 0.111	| 0.152	| 45	|
| TypeF	| 1.000	| 0.000	| 0.000	| 24	|
| PiI	| 1.000	| 0.000	| 0.000	| 31	|
| PiE	| 1.000	| 0.000	| 0.000	| 45	|
| SigmaI	| 1.000	| 0.000	| 0.000	| 1	|
| IqF	| 1.000	| 0.000	| 0.000	| 1	|
| IqE	| 1.000	| 0.000	| 0.000	| 4	|

| micro	| 0.112	| 0.112	| 0.112	| 376	|
| macro	| 0.637	| 0.078	| 0.052	| 376	|
| w-avg	| 0.479	| 0.112	| 0.075	| 376	|

Confusion matrix: 
|	| EnumF	| Var	| SigmaF	| Con	| PiF	| SigmaE	| TypeF	| PiI	| PiE	| SigmaI	| IqF	| IqE	|
| EnumF	| 18	| 22	| 21	| 19	| 26	| 26	| 3	| 11	| 21	| 1	| 0	| 4	|
| Var	| 0	| 0	| 0	| 0	| 0	| 0	| 0	| 0	| 0	| 0	| 0	| 0	|
| SigmaF	| 10	| 7	| 8	| 9	| 11	| 7	| 9	| 8	| 6	| 0	| 0	| 0	|
| Con	| 11	| 14	| 13	| 10	| 7	| 6	| 7	| 11	| 17	| 0	| 1	| 0	|
| PiF	| 1	| 1	| 0	| 1	| 1	| 1	| 5	| 1	| 0	| 0	| 0	| 0	|
| SigmaE	| 5	| 1	| 3	| 6	| 0	| 5	| 0	| 0	| 1	| 0	| 0	| 0	|
| TypeF	| 0	| 0	| 0	| 0	| 0	| 0	| 0	| 0	| 0	| 0	| 0	| 0	|
| PiI	| 0	| 0	| 0	| 0	| 0	| 0	| 0	| 0	| 0	| 0	| 0	| 0	|
| PiE	| 0	| 0	| 0	| 0	| 0	| 0	| 0	| 0	| 0	| 0	| 0	| 0	|
| SigmaI	| 0	| 0	| 0	| 0	| 0	| 0	| 0	| 0	| 0	| 0	| 0	| 0	|
| IqF	| 0	| 0	| 0	| 0	| 0	| 0	| 0	| 0	| 0	| 0	| 0	| 0	|
| IqE	| 0	| 0	| 0	| 0	| 0	| 0	| 0	| 0	| 0	| 0	| 0	| 0	|

