Scores:
|	| Prec 	| Rec 	| F1 	| Supp 	|
| Var	| 0.912	| 0.922	| 0.917	| 90	|
| EnumF	| 0.968	| 1.000	| 0.984	| 90	|
| PiI	| 0.775	| 1.000	| 0.873	| 62	|
| Con	| 0.959	| 0.789	| 0.866	| 90	|
| SigmaE	| 0.898	| 0.978	| 0.936	| 90	|
| PiE	| 0.911	| 0.911	| 0.911	| 90	|
| TypeF	| 1.000	| 1.000	| 1.000	| 48	|
| PiF	| 0.989	| 0.956	| 0.972	| 90	|
| SigmaF	| 0.935	| 0.967	| 0.951	| 90	|
| SigmaI	| 1.000	| 0.000	| 0.000	| 3	|
| IqF	| 1.000	| 0.000	| 0.000	| 3	|
| IqE	| 1.000	| 0.000	| 0.000	| 8	|

| micro	| 0.924	| 0.924	| 0.924	| 754	|
| macro	| 0.946	| 0.710	| 0.701	| 754	|
| w-avg	| 0.930	| 0.924	| 0.916	| 754	|

Confusion matrix: 
|	| Var	| EnumF	| PiI	| Con	| SigmaE	| PiE	| TypeF	| PiF	| SigmaF	| SigmaI	| IqF	| IqE	|
| Var	| 83	| 0	| 0	| 6	| 0	| 0	| 0	| 0	| 0	| 2	| 0	| 0	|
| EnumF	| 1	| 90	| 0	| 2	| 0	| 0	| 0	| 0	| 0	| 0	| 0	| 0	|
| PiI	| 3	| 0	| 62	| 0	| 1	| 5	| 0	| 0	| 0	| 1	| 0	| 8	|
| Con	| 3	| 0	| 0	| 71	| 0	| 0	| 0	| 0	| 0	| 0	| 0	| 0	|
| SigmaE	| 0	| 0	| 0	| 10	| 88	| 0	| 0	| 0	| 0	| 0	| 0	| 0	|
| PiE	| 0	| 0	| 0	| 1	| 1	| 82	| 0	| 0	| 3	| 0	| 3	| 0	|
| TypeF	| 0	| 0	| 0	| 0	| 0	| 0	| 48	| 0	| 0	| 0	| 0	| 0	|
| PiF	| 0	| 0	| 0	| 0	| 0	| 1	| 0	| 86	| 0	| 0	| 0	| 0	|
| SigmaF	| 0	| 0	| 0	| 0	| 0	| 2	| 0	| 4	| 87	| 0	| 0	| 0	|
| SigmaI	| 0	| 0	| 0	| 0	| 0	| 0	| 0	| 0	| 0	| 0	| 0	| 0	|
| IqF	| 0	| 0	| 0	| 0	| 0	| 0	| 0	| 0	| 0	| 0	| 0	| 0	|
| IqE	| 0	| 0	| 0	| 0	| 0	| 0	| 0	| 0	| 0	| 0	| 0	| 0	|

