Scores:
|	| Prec 	| Rec 	| F1 	| Supp 	|
| Con	| 0.167	| 0.222	| 0.190	| 45	|
| Var	| 0.077	| 0.067	| 0.071	| 45	|
| PiF	| 0.194	| 0.289	| 0.232	| 45	|
| SigmaE	| 0.144	| 0.667	| 0.237	| 45	|
| TypeF	| 1.000	| 0.000	| 0.000	| 24	|
| EnumF	| 0.000	| 0.000	| 0.000	| 45	|
| PiI	| 1.000	| 0.000	| 0.000	| 31	|
| PiE	| 1.000	| 0.000	| 0.000	| 45	|
| SigmaF	| 1.000	| 0.000	| 0.000	| 45	|
| SigmaI	| 1.000	| 0.000	| 0.000	| 1	|
| IqF	| 1.000	| 0.000	| 0.000	| 1	|
| IqE	| 1.000	| 0.000	| 0.000	| 4	|

| micro	| 0.149	| 0.149	| 0.149	| 376	|
| macro	| 0.632	| 0.104	| 0.061	| 376	|
| w-avg	| 0.471	| 0.149	| 0.088	| 376	|

Confusion matrix: 
|	| Con	| Var	| PiF	| SigmaE	| TypeF	| EnumF	| PiI	| PiE	| SigmaF	| SigmaI	| IqF	| IqE	|
| Con	| 10	| 10	| 1	| 4	| 2	| 7	| 4	| 14	| 8	| 0	| 0	| 0	|
| Var	| 7	| 3	| 3	| 4	| 2	| 5	| 4	| 6	| 5	| 0	| 0	| 0	|
| PiF	| 5	| 9	| 13	| 7	| 8	| 4	| 6	| 5	| 10	| 0	| 0	| 0	|
| SigmaE	| 23	| 23	| 27	| 30	| 12	| 29	| 16	| 20	| 22	| 1	| 1	| 4	|
| TypeF	| 0	| 0	| 0	| 0	| 0	| 0	| 0	| 0	| 0	| 0	| 0	| 0	|
| EnumF	| 0	| 0	| 1	| 0	| 0	| 0	| 1	| 0	| 0	| 0	| 0	| 0	|
| PiI	| 0	| 0	| 0	| 0	| 0	| 0	| 0	| 0	| 0	| 0	| 0	| 0	|
| PiE	| 0	| 0	| 0	| 0	| 0	| 0	| 0	| 0	| 0	| 0	| 0	| 0	|
| SigmaF	| 0	| 0	| 0	| 0	| 0	| 0	| 0	| 0	| 0	| 0	| 0	| 0	|
| SigmaI	| 0	| 0	| 0	| 0	| 0	| 0	| 0	| 0	| 0	| 0	| 0	| 0	|
| IqF	| 0	| 0	| 0	| 0	| 0	| 0	| 0	| 0	| 0	| 0	| 0	| 0	|
| IqE	| 0	| 0	| 0	| 0	| 0	| 0	| 0	| 0	| 0	| 0	| 0	| 0	|

