Scores:
|	| Prec 	| Rec 	| F1 	| Supp 	|
| PiF	| 0.104	| 0.556	| 0.175	| 45	|
| Var	| 0.150	| 0.200	| 0.171	| 45	|
| SigmaE	| 0.278	| 0.111	| 0.159	| 45	|
| Con	| 0.184	| 0.200	| 0.191	| 45	|
| TypeF	| 0.125	| 0.042	| 0.062	| 24	|
| PiI	| 1.000	| 0.000	| 0.000	| 31	|
| PiE	| 1.000	| 0.000	| 0.000	| 45	|
| SigmaF	| 1.000	| 0.000	| 0.000	| 45	|
| SigmaI	| 1.000	| 0.000	| 0.000	| 1	|
| EnumF	| 1.000	| 0.000	| 0.000	| 45	|
| IqF	| 1.000	| 0.000	| 0.000	| 1	|
| IqE	| 1.000	| 0.000	| 0.000	| 4	|

| micro	| 0.130	| 0.130	| 0.130	| 376	|
| macro	| 0.653	| 0.092	| 0.063	| 376	|
| w-avg	| 0.551	| 0.130	| 0.087	| 376	|

Confusion matrix: 
|	| PiF	| Var	| SigmaE	| Con	| TypeF	| PiI	| PiE	| SigmaF	| SigmaI	| EnumF	| IqF	| IqE	|
| PiF	| 25	| 29	| 35	| 27	| 16	| 21	| 26	| 27	| 1	| 30	| 0	| 4	|
| Var	| 11	| 9	| 2	| 6	| 5	| 4	| 8	| 7	| 0	| 7	| 1	| 0	|
| SigmaE	| 0	| 1	| 5	| 3	| 0	| 1	| 3	| 3	| 0	| 2	| 0	| 0	|
| Con	| 5	| 6	| 3	| 9	| 2	| 3	| 7	| 8	| 0	| 6	| 0	| 0	|
| TypeF	| 4	| 0	| 0	| 0	| 1	| 2	| 1	| 0	| 0	| 0	| 0	| 0	|
| PiI	| 0	| 0	| 0	| 0	| 0	| 0	| 0	| 0	| 0	| 0	| 0	| 0	|
| PiE	| 0	| 0	| 0	| 0	| 0	| 0	| 0	| 0	| 0	| 0	| 0	| 0	|
| SigmaF	| 0	| 0	| 0	| 0	| 0	| 0	| 0	| 0	| 0	| 0	| 0	| 0	|
| SigmaI	| 0	| 0	| 0	| 0	| 0	| 0	| 0	| 0	| 0	| 0	| 0	| 0	|
| EnumF	| 0	| 0	| 0	| 0	| 0	| 0	| 0	| 0	| 0	| 0	| 0	| 0	|
| IqF	| 0	| 0	| 0	| 0	| 0	| 0	| 0	| 0	| 0	| 0	| 0	| 0	|
| IqE	| 0	| 0	| 0	| 0	| 0	| 0	| 0	| 0	| 0	| 0	| 0	| 0	|

