Scores:
|	| Prec 	| Rec 	| F1 	| Supp 	|
| SigmaE	| 0.122	| 0.622	| 0.204	| 45	|
| Var	| 1.000	| 0.000	| 0.000	| 45	|
| PiE	| 0.152	| 0.444	| 0.226	| 45	|
| Con	| 0.000	| 0.000	| 0.000	| 45	|
| TypeF	| 1.000	| 0.000	| 0.000	| 24	|
| PiF	| 0.357	| 0.111	| 0.169	| 45	|
| PiI	| 1.000	| 0.000	| 0.000	| 31	|
| SigmaF	| 1.000	| 0.000	| 0.000	| 45	|
| SigmaI	| 1.000	| 0.000	| 0.000	| 1	|
| EnumF	| 1.000	| 0.000	| 0.000	| 45	|
| IqF	| 1.000	| 0.000	| 0.000	| 1	|
| IqE	| 1.000	| 0.000	| 0.000	| 4	|

| micro	| 0.141	| 0.141	| 0.141	| 376	|
| macro	| 0.719	| 0.098	| 0.050	| 376	|
| w-avg	| 0.597	| 0.141	| 0.072	| 376	|

Confusion matrix: 
|	| SigmaE	| Var	| PiE	| Con	| TypeF	| PiF	| PiI	| SigmaF	| SigmaI	| EnumF	| IqF	| IqE	|
| SigmaE	| 28	| 24	| 23	| 31	| 17	| 31	| 20	| 24	| 1	| 25	| 1	| 4	|
| Var	| 0	| 0	| 0	| 0	| 0	| 0	| 0	| 0	| 0	| 0	| 0	| 0	|
| PiE	| 17	| 21	| 20	| 14	| 5	| 9	| 7	| 19	| 0	| 20	| 0	| 0	|
| Con	| 0	| 0	| 0	| 0	| 0	| 0	| 1	| 0	| 0	| 0	| 0	| 0	|
| TypeF	| 0	| 0	| 0	| 0	| 0	| 0	| 0	| 0	| 0	| 0	| 0	| 0	|
| PiF	| 0	| 0	| 2	| 0	| 2	| 5	| 3	| 2	| 0	| 0	| 0	| 0	|
| PiI	| 0	| 0	| 0	| 0	| 0	| 0	| 0	| 0	| 0	| 0	| 0	| 0	|
| SigmaF	| 0	| 0	| 0	| 0	| 0	| 0	| 0	| 0	| 0	| 0	| 0	| 0	|
| SigmaI	| 0	| 0	| 0	| 0	| 0	| 0	| 0	| 0	| 0	| 0	| 0	| 0	|
| EnumF	| 0	| 0	| 0	| 0	| 0	| 0	| 0	| 0	| 0	| 0	| 0	| 0	|
| IqF	| 0	| 0	| 0	| 0	| 0	| 0	| 0	| 0	| 0	| 0	| 0	| 0	|
| IqE	| 0	| 0	| 0	| 0	| 0	| 0	| 0	| 0	| 0	| 0	| 0	| 0	|

