Scores:
|	| Prec 	| Rec 	| F1 	| Supp 	|
| EnumF	| 0.119	| 0.156	| 0.135	| 45	|
| Var	| 1.000	| 0.000	| 0.000	| 45	|
| SigmaE	| 0.119	| 0.533	| 0.194	| 45	|
| SigmaF	| 0.176	| 0.267	| 0.212	| 45	|
| PiF	| 0.125	| 0.111	| 0.118	| 45	|
| Con	| 1.000	| 0.000	| 0.000	| 45	|
| TypeF	| 0.333	| 0.083	| 0.133	| 24	|
| PiI	| 1.000	| 0.000	| 0.000	| 31	|
| PiE	| 0.000	| 0.000	| 0.000	| 45	|
| SigmaI	| 1.000	| 0.000	| 0.000	| 1	|
| IqF	| 1.000	| 0.000	| 0.000	| 1	|
| IqE	| 1.000	| 0.000	| 0.000	| 4	|

| micro	| 0.133	| 0.133	| 0.133	| 376	|
| macro	| 0.573	| 0.096	| 0.066	| 376	|
| w-avg	| 0.424	| 0.133	| 0.087	| 376	|

Confusion matrix: 
|	| EnumF	| Var	| SigmaE	| SigmaF	| PiF	| Con	| TypeF	| PiI	| PiE	| SigmaI	| IqF	| IqE	|
| EnumF	| 7	| 6	| 6	| 6	| 8	| 9	| 5	| 3	| 9	| 0	| 0	| 0	|
| Var	| 0	| 0	| 0	| 0	| 0	| 0	| 0	| 0	| 0	| 0	| 0	| 0	|
| SigmaE	| 22	| 30	| 24	| 22	| 28	| 18	| 9	| 20	| 23	| 1	| 1	| 4	|
| SigmaF	| 13	| 8	| 7	| 12	| 2	| 13	| 2	| 4	| 7	| 0	| 0	| 0	|
| PiF	| 3	| 1	| 8	| 5	| 5	| 5	| 6	| 3	| 4	| 0	| 0	| 0	|
| Con	| 0	| 0	| 0	| 0	| 0	| 0	| 0	| 0	| 0	| 0	| 0	| 0	|
| TypeF	| 0	| 0	| 0	| 0	| 2	| 0	| 2	| 0	| 2	| 0	| 0	| 0	|
| PiI	| 0	| 0	| 0	| 0	| 0	| 0	| 0	| 0	| 0	| 0	| 0	| 0	|
| PiE	| 0	| 0	| 0	| 0	| 0	| 0	| 0	| 1	| 0	| 0	| 0	| 0	|
| SigmaI	| 0	| 0	| 0	| 0	| 0	| 0	| 0	| 0	| 0	| 0	| 0	| 0	|
| IqF	| 0	| 0	| 0	| 0	| 0	| 0	| 0	| 0	| 0	| 0	| 0	| 0	|
| IqE	| 0	| 0	| 0	| 0	| 0	| 0	| 0	| 0	| 0	| 0	| 0	| 0	|

