Scores:
|	| Prec 	| Rec 	| F1 	| Supp 	|
| SigmaF	| 0.150	| 0.133	| 0.141	| 45	|
| Var	| 1.000	| 0.000	| 0.000	| 45	|
| EnumF	| 0.074	| 0.111	| 0.088	| 45	|
| TypeF	| 0.116	| 0.208	| 0.149	| 24	|
| SigmaE	| 0.158	| 0.733	| 0.260	| 45	|
| Con	| 0.200	| 0.044	| 0.073	| 45	|
| PiF	| 0.500	| 0.067	| 0.118	| 45	|
| PiI	| 1.000	| 0.000	| 0.000	| 31	|
| PiE	| 1.000	| 0.000	| 0.000	| 45	|
| SigmaI	| 1.000	| 0.000	| 0.000	| 1	|
| IqF	| 1.000	| 0.000	| 0.000	| 1	|
| IqE	| 1.000	| 0.000	| 0.000	| 4	|

| micro	| 0.144	| 0.144	| 0.144	| 376	|
| macro	| 0.600	| 0.108	| 0.069	| 376	|
| w-avg	| 0.475	| 0.144	| 0.091	| 376	|

Confusion matrix: 
|	| SigmaF	| Var	| EnumF	| TypeF	| SigmaE	| Con	| PiF	| PiI	| PiE	| SigmaI	| IqF	| IqE	|
| SigmaF	| 6	| 5	| 3	| 4	| 2	| 5	| 4	| 6	| 5	| 0	| 0	| 0	|
| Var	| 0	| 0	| 0	| 0	| 0	| 0	| 0	| 0	| 0	| 0	| 0	| 0	|
| EnumF	| 10	| 10	| 5	| 5	| 3	| 7	| 7	| 7	| 14	| 0	| 0	| 0	|
| TypeF	| 2	| 3	| 7	| 5	| 6	| 5	| 8	| 2	| 5	| 0	| 0	| 0	|
| SigmaE	| 24	| 25	| 30	| 10	| 33	| 26	| 23	| 14	| 18	| 1	| 1	| 4	|
| Con	| 3	| 1	| 0	| 0	| 1	| 2	| 0	| 0	| 3	| 0	| 0	| 0	|
| PiF	| 0	| 1	| 0	| 0	| 0	| 0	| 3	| 2	| 0	| 0	| 0	| 0	|
| PiI	| 0	| 0	| 0	| 0	| 0	| 0	| 0	| 0	| 0	| 0	| 0	| 0	|
| PiE	| 0	| 0	| 0	| 0	| 0	| 0	| 0	| 0	| 0	| 0	| 0	| 0	|
| SigmaI	| 0	| 0	| 0	| 0	| 0	| 0	| 0	| 0	| 0	| 0	| 0	| 0	|
| IqF	| 0	| 0	| 0	| 0	| 0	| 0	| 0	| 0	| 0	| 0	| 0	| 0	|
| IqE	| 0	| 0	| 0	| 0	| 0	| 0	| 0	| 0	| 0	| 0	| 0	| 0	|

