Scores:
|	| Prec 	| Rec 	| F1 	| Supp 	|
| PiF	| 0.149	| 0.778	| 0.250	| 45	|
| Var	| 1.000	| 0.000	| 0.000	| 45	|
| Con	| 0.162	| 0.378	| 0.227	| 45	|
| EnumF	| 0.111	| 0.044	| 0.063	| 45	|
| SigmaE	| 0.500	| 0.200	| 0.286	| 45	|
| TypeF	| 1.000	| 0.000	| 0.000	| 24	|
| PiI	| 1.000	| 0.000	| 0.000	| 31	|
| PiE	| 1.000	| 0.000	| 0.000	| 45	|
| SigmaF	| 1.000	| 0.000	| 0.000	| 45	|
| SigmaI	| 1.000	| 0.000	| 0.000	| 1	|
| IqF	| 1.000	| 0.000	| 0.000	| 1	|
| IqE	| 1.000	| 0.000	| 0.000	| 4	|

| micro	| 0.168	| 0.168	| 0.168	| 376	|
| macro	| 0.743	| 0.117	| 0.069	| 376	|
| w-avg	| 0.632	| 0.168	| 0.099	| 376	|

Confusion matrix: 
|	| PiF	| Var	| Con	| EnumF	| SigmaE	| TypeF	| PiI	| PiE	| SigmaF	| SigmaI	| IqF	| IqE	|
| PiF	| 35	| 32	| 24	| 25	| 31	| 14	| 21	| 24	| 23	| 1	| 1	| 4	|
| Var	| 0	| 0	| 0	| 0	| 0	| 0	| 0	| 0	| 0	| 0	| 0	| 0	|
| Con	| 7	| 8	| 17	| 15	| 3	| 8	| 10	| 19	| 18	| 0	| 0	| 0	|
| EnumF	| 3	| 3	| 3	| 2	| 2	| 2	| 0	| 2	| 1	| 0	| 0	| 0	|
| SigmaE	| 0	| 2	| 1	| 3	| 9	| 0	| 0	| 0	| 3	| 0	| 0	| 0	|
| TypeF	| 0	| 0	| 0	| 0	| 0	| 0	| 0	| 0	| 0	| 0	| 0	| 0	|
| PiI	| 0	| 0	| 0	| 0	| 0	| 0	| 0	| 0	| 0	| 0	| 0	| 0	|
| PiE	| 0	| 0	| 0	| 0	| 0	| 0	| 0	| 0	| 0	| 0	| 0	| 0	|
| SigmaF	| 0	| 0	| 0	| 0	| 0	| 0	| 0	| 0	| 0	| 0	| 0	| 0	|
| SigmaI	| 0	| 0	| 0	| 0	| 0	| 0	| 0	| 0	| 0	| 0	| 0	| 0	|
| IqF	| 0	| 0	| 0	| 0	| 0	| 0	| 0	| 0	| 0	| 0	| 0	| 0	|
| IqE	| 0	| 0	| 0	| 0	| 0	| 0	| 0	| 0	| 0	| 0	| 0	| 0	|

