Scores:
|	| Prec 	| Rec 	| F1 	| Supp 	|
| PiF	| 0.140	| 0.756	| 0.236	| 45	|
| Var	| 1.000	| 0.000	| 0.000	| 45	|
| SigmaF	| 0.091	| 0.111	| 0.100	| 45	|
| SigmaE	| 0.407	| 0.244	| 0.306	| 45	|
| PiE	| 0.220	| 0.244	| 0.232	| 45	|
| Con	| 1.000	| 0.000	| 0.000	| 45	|
| TypeF	| 0.000	| 0.000	| 0.000	| 24	|
| PiI	| 1.000	| 0.000	| 0.000	| 31	|
| SigmaI	| 1.000	| 0.000	| 0.000	| 1	|
| EnumF	| 1.000	| 0.000	| 0.000	| 45	|
| IqF	| 1.000	| 0.000	| 0.000	| 1	|
| IqE	| 1.000	| 0.000	| 0.000	| 4	|

| micro	| 0.162	| 0.162	| 0.162	| 376	|
| macro	| 0.655	| 0.113	| 0.073	| 376	|
| w-avg	| 0.560	| 0.162	| 0.105	| 376	|

Confusion matrix: 
|	| PiF	| Var	| SigmaF	| SigmaE	| PiE	| Con	| TypeF	| PiI	| SigmaI	| EnumF	| IqF	| IqE	|
| PiF	| 34	| 33	| 29	| 25	| 23	| 21	| 20	| 22	| 1	| 31	| 0	| 4	|
| Var	| 0	| 0	| 0	| 0	| 0	| 0	| 0	| 0	| 0	| 0	| 0	| 0	|
| SigmaF	| 7	| 7	| 5	| 6	| 9	| 7	| 3	| 5	| 0	| 6	| 0	| 0	|
| SigmaE	| 0	| 2	| 6	| 11	| 2	| 3	| 0	| 0	| 0	| 3	| 0	| 0	|
| PiE	| 3	| 3	| 5	| 3	| 11	| 14	| 1	| 4	| 0	| 5	| 1	| 0	|
| Con	| 0	| 0	| 0	| 0	| 0	| 0	| 0	| 0	| 0	| 0	| 0	| 0	|
| TypeF	| 1	| 0	| 0	| 0	| 0	| 0	| 0	| 0	| 0	| 0	| 0	| 0	|
| PiI	| 0	| 0	| 0	| 0	| 0	| 0	| 0	| 0	| 0	| 0	| 0	| 0	|
| SigmaI	| 0	| 0	| 0	| 0	| 0	| 0	| 0	| 0	| 0	| 0	| 0	| 0	|
| EnumF	| 0	| 0	| 0	| 0	| 0	| 0	| 0	| 0	| 0	| 0	| 0	| 0	|
| IqF	| 0	| 0	| 0	| 0	| 0	| 0	| 0	| 0	| 0	| 0	| 0	| 0	|
| IqE	| 0	| 0	| 0	| 0	| 0	| 0	| 0	| 0	| 0	| 0	| 0	| 0	|

