Scores:
|	| Prec 	| Rec 	| F1 	| Supp 	|
| PiF	| 0.182	| 0.222	| 0.200	| 45	|
| Var	| 0.127	| 0.156	| 0.140	| 45	|
| SigmaE	| 0.161	| 0.689	| 0.261	| 45	|
| Con	| 0.131	| 0.178	| 0.151	| 45	|
| TypeF	| 0.429	| 0.250	| 0.316	| 24	|
| PiI	| 1.000	| 0.000	| 0.000	| 31	|
| PiE	| 1.000	| 0.000	| 0.000	| 45	|
| SigmaF	| 1.000	| 0.000	| 0.000	| 45	|
| SigmaI	| 1.000	| 0.000	| 0.000	| 2	|
| EnumF	| 1.000	| 0.000	| 0.000	| 45	|
| IqF	| 1.000	| 0.000	| 0.000	| 2	|
| IqE	| 1.000	| 0.000	| 0.000	| 4	|

| micro	| 0.164	| 0.164	| 0.164	| 378	|
| macro	| 0.669	| 0.125	| 0.089	| 378	|
| w-avg	| 0.559	| 0.164	| 0.110	| 378	|

Confusion matrix: 
|	| PiF	| Var	| SigmaE	| Con	| TypeF	| PiI	| PiE	| SigmaF	| SigmaI	| EnumF	| IqF	| IqE	|
| PiF	| 10	| 5	| 2	| 11	| 8	| 6	| 3	| 3	| 1	| 6	| 0	| 0	|
| Var	| 6	| 7	| 6	| 8	| 4	| 5	| 6	| 6	| 0	| 7	| 0	| 0	|
| SigmaE	| 23	| 28	| 31	| 17	| 5	| 13	| 26	| 23	| 1	| 21	| 1	| 4	|
| Con	| 3	| 5	| 6	| 8	| 1	| 6	| 9	| 12	| 0	| 10	| 1	| 0	|
| TypeF	| 3	| 0	| 0	| 1	| 6	| 1	| 1	| 1	| 0	| 1	| 0	| 0	|
| PiI	| 0	| 0	| 0	| 0	| 0	| 0	| 0	| 0	| 0	| 0	| 0	| 0	|
| PiE	| 0	| 0	| 0	| 0	| 0	| 0	| 0	| 0	| 0	| 0	| 0	| 0	|
| SigmaF	| 0	| 0	| 0	| 0	| 0	| 0	| 0	| 0	| 0	| 0	| 0	| 0	|
| SigmaI	| 0	| 0	| 0	| 0	| 0	| 0	| 0	| 0	| 0	| 0	| 0	| 0	|
| EnumF	| 0	| 0	| 0	| 0	| 0	| 0	| 0	| 0	| 0	| 0	| 0	| 0	|
| IqF	| 0	| 0	| 0	| 0	| 0	| 0	| 0	| 0	| 0	| 0	| 0	| 0	|
| IqE	| 0	| 0	| 0	| 0	| 0	| 0	| 0	| 0	| 0	| 0	| 0	| 0	|

