Scores:
|	| Prec 	| Rec 	| F1 	| Supp 	|
| Var	| 0.123	| 0.489	| 0.196	| 45	|
| SigmaF	| 0.182	| 0.178	| 0.180	| 45	|
| PiF	| 0.190	| 0.267	| 0.222	| 45	|
| PiE	| 0.191	| 0.289	| 0.230	| 45	|
| SigmaE	| 0.100	| 0.044	| 0.062	| 45	|
| Con	| 1.000	| 0.000	| 0.000	| 45	|
| TypeF	| 1.000	| 0.000	| 0.000	| 24	|
| EnumF	| 0.000	| 0.000	| 0.000	| 45	|
| PiI	| 1.000	| 0.000	| 0.000	| 31	|
| SigmaI	| 1.000	| 0.000	| 0.000	| 1	|
| IqF	| 1.000	| 0.000	| 0.000	| 1	|
| IqE	| 1.000	| 0.000	| 0.000	| 4	|

| micro	| 0.152	| 0.152	| 0.152	| 376	|
| macro	| 0.566	| 0.106	| 0.074	| 376	|
| w-avg	| 0.376	| 0.152	| 0.107	| 376	|

Confusion matrix: 
|	| Var	| SigmaF	| PiF	| PiE	| SigmaE	| Con	| TypeF	| EnumF	| PiI	| SigmaI	| IqF	| IqE	|
| Var	| 22	| 24	| 20	| 19	| 27	| 17	| 6	| 22	| 16	| 1	| 1	| 4	|
| SigmaF	| 5	| 8	| 5	| 7	| 4	| 4	| 3	| 4	| 4	| 0	| 0	| 0	|
| PiF	| 4	| 6	| 12	| 4	| 6	| 8	| 13	| 4	| 6	| 0	| 0	| 0	|
| PiE	| 10	| 4	| 6	| 13	| 6	| 11	| 1	| 13	| 4	| 0	| 0	| 0	|
| SigmaE	| 4	| 3	| 1	| 2	| 2	| 5	| 1	| 2	| 0	| 0	| 0	| 0	|
| Con	| 0	| 0	| 0	| 0	| 0	| 0	| 0	| 0	| 0	| 0	| 0	| 0	|
| TypeF	| 0	| 0	| 0	| 0	| 0	| 0	| 0	| 0	| 0	| 0	| 0	| 0	|
| EnumF	| 0	| 0	| 1	| 0	| 0	| 0	| 0	| 0	| 1	| 0	| 0	| 0	|
| PiI	| 0	| 0	| 0	| 0	| 0	| 0	| 0	| 0	| 0	| 0	| 0	| 0	|
| SigmaI	| 0	| 0	| 0	| 0	| 0	| 0	| 0	| 0	| 0	| 0	| 0	| 0	|
| IqF	| 0	| 0	| 0	| 0	| 0	| 0	| 0	| 0	| 0	| 0	| 0	| 0	|
| IqE	| 0	| 0	| 0	| 0	| 0	| 0	| 0	| 0	| 0	| 0	| 0	| 0	|

