Scores:
|	| Prec 	| Rec 	| F1 	| Supp 	|
| PiE	| 0.105	| 0.289	| 0.154	| 45	|
| Var	| 1.000	| 0.000	| 0.000	| 45	|
| PiF	| 0.128	| 0.667	| 0.214	| 45	|
| SigmaE	| 0.375	| 0.133	| 0.197	| 45	|
| Con	| 1.000	| 0.000	| 0.000	| 45	|
| TypeF	| 0.000	| 0.000	| 0.000	| 24	|
| PiI	| 1.000	| 0.000	| 0.000	| 31	|
| SigmaF	| 1.000	| 0.000	| 0.000	| 45	|
| SigmaI	| 1.000	| 0.000	| 0.000	| 1	|
| EnumF	| 1.000	| 0.000	| 0.000	| 45	|
| IqF	| 1.000	| 0.000	| 0.000	| 1	|
| IqE	| 1.000	| 0.000	| 0.000	| 4	|

| micro	| 0.130	| 0.130	| 0.130	| 376	|
| macro	| 0.717	| 0.091	| 0.047	| 376	|
| w-avg	| 0.650	| 0.130	| 0.068	| 376	|

Confusion matrix: 
|	| PiE	| Var	| PiF	| SigmaE	| Con	| TypeF	| PiI	| SigmaF	| SigmaI	| EnumF	| IqF	| IqE	|
| PiE	| 13	| 15	| 14	| 12	| 20	| 4	| 11	| 20	| 0	| 15	| 0	| 0	|
| Var	| 0	| 0	| 0	| 0	| 0	| 0	| 0	| 0	| 0	| 0	| 0	| 0	|
| PiF	| 29	| 28	| 30	| 27	| 25	| 20	| 20	| 23	| 1	| 27	| 1	| 4	|
| SigmaE	| 3	| 2	| 0	| 6	| 0	| 0	| 0	| 2	| 0	| 3	| 0	| 0	|
| Con	| 0	| 0	| 0	| 0	| 0	| 0	| 0	| 0	| 0	| 0	| 0	| 0	|
| TypeF	| 0	| 0	| 1	| 0	| 0	| 0	| 0	| 0	| 0	| 0	| 0	| 0	|
| PiI	| 0	| 0	| 0	| 0	| 0	| 0	| 0	| 0	| 0	| 0	| 0	| 0	|
| SigmaF	| 0	| 0	| 0	| 0	| 0	| 0	| 0	| 0	| 0	| 0	| 0	| 0	|
| SigmaI	| 0	| 0	| 0	| 0	| 0	| 0	| 0	| 0	| 0	| 0	| 0	| 0	|
| EnumF	| 0	| 0	| 0	| 0	| 0	| 0	| 0	| 0	| 0	| 0	| 0	| 0	|
| IqF	| 0	| 0	| 0	| 0	| 0	| 0	| 0	| 0	| 0	| 0	| 0	| 0	|
| IqE	| 0	| 0	| 0	| 0	| 0	| 0	| 0	| 0	| 0	| 0	| 0	| 0	|

