Scores:
|	| Prec 	| Rec 	| F1 	| Supp 	|
| PiE	| 0.150	| 0.356	| 0.211	| 45	|
| Var	| 1.000	| 0.000	| 0.000	| 45	|
| PiF	| 0.154	| 0.756	| 0.256	| 45	|
| TypeF	| 0.235	| 0.167	| 0.195	| 24	|
| SigmaE	| 0.455	| 0.222	| 0.299	| 45	|
| Con	| 0.444	| 0.089	| 0.148	| 45	|
| PiI	| 1.000	| 0.000	| 0.000	| 31	|
| SigmaF	| 1.000	| 0.000	| 0.000	| 45	|
| SigmaI	| 1.000	| 0.000	| 0.000	| 1	|
| EnumF	| 1.000	| 0.000	| 0.000	| 45	|
| IqF	| 1.000	| 0.000	| 0.000	| 1	|
| IqE	| 1.000	| 0.000	| 0.000	| 4	|

| micro	| 0.181	| 0.181	| 0.181	| 376	|
| macro	| 0.703	| 0.132	| 0.092	| 376	|
| w-avg	| 0.616	| 0.181	| 0.122	| 376	|

Confusion matrix: 
|	| PiE	| Var	| PiF	| TypeF	| SigmaE	| Con	| PiI	| SigmaF	| SigmaI	| EnumF	| IqF	| IqE	|
| PiE	| 16	| 17	| 8	| 7	| 10	| 11	| 9	| 15	| 0	| 14	| 0	| 0	|
| Var	| 0	| 0	| 0	| 0	| 0	| 0	| 0	| 0	| 0	| 0	| 0	| 0	|
| PiF	| 27	| 24	| 34	| 13	| 24	| 27	| 20	| 21	| 1	| 25	| 1	| 4	|
| TypeF	| 1	| 2	| 3	| 4	| 1	| 1	| 2	| 2	| 0	| 1	| 0	| 0	|
| SigmaE	| 0	| 2	| 0	| 0	| 10	| 2	| 0	| 4	| 0	| 4	| 0	| 0	|
| Con	| 1	| 0	| 0	| 0	| 0	| 4	| 0	| 3	| 0	| 1	| 0	| 0	|
| PiI	| 0	| 0	| 0	| 0	| 0	| 0	| 0	| 0	| 0	| 0	| 0	| 0	|
| SigmaF	| 0	| 0	| 0	| 0	| 0	| 0	| 0	| 0	| 0	| 0	| 0	| 0	|
| SigmaI	| 0	| 0	| 0	| 0	| 0	| 0	| 0	| 0	| 0	| 0	| 0	| 0	|
| EnumF	| 0	| 0	| 0	| 0	| 0	| 0	| 0	| 0	| 0	| 0	| 0	| 0	|
| IqF	| 0	| 0	| 0	| 0	| 0	| 0	| 0	| 0	| 0	| 0	| 0	| 0	|
| IqE	| 0	| 0	| 0	| 0	| 0	| 0	| 0	| 0	| 0	| 0	| 0	| 0	|

