Scores:
|	| Prec 	| Rec 	| F1 	| Supp 	|
| PiF	| 0.152	| 0.889	| 0.259	| 45	|
| Var	| 1.000	| 0.000	| 0.000	| 45	|
| Con	| 0.149	| 0.156	| 0.152	| 45	|
| SigmaE	| 0.269	| 0.156	| 0.197	| 45	|
| PiE	| 0.200	| 0.133	| 0.160	| 45	|
| EnumF	| 0.273	| 0.067	| 0.107	| 45	|
| TypeF	| 1.000	| 0.000	| 0.000	| 24	|
| PiI	| 1.000	| 0.000	| 0.000	| 31	|
| SigmaF	| 1.000	| 0.000	| 0.000	| 45	|
| SigmaI	| 1.000	| 0.000	| 0.000	| 2	|
| IqF	| 1.000	| 0.000	| 0.000	| 2	|
| IqE	| 1.000	| 0.000	| 0.000	| 4	|

| micro	| 0.167	| 0.167	| 0.167	| 378	|
| macro	| 0.670	| 0.117	| 0.073	| 378	|
| w-avg	| 0.529	| 0.167	| 0.104	| 378	|

Confusion matrix: 
|	| PiF	| Var	| Con	| SigmaE	| PiE	| EnumF	| TypeF	| PiI	| SigmaF	| SigmaI	| IqF	| IqE	|
| PiF	| 40	| 31	| 26	| 31	| 20	| 33	| 20	| 26	| 30	| 2	| 1	| 4	|
| Var	| 0	| 0	| 0	| 0	| 0	| 0	| 0	| 0	| 0	| 0	| 0	| 0	|
| Con	| 2	| 8	| 7	| 3	| 10	| 3	| 2	| 2	| 9	| 0	| 1	| 0	|
| SigmaE	| 0	| 2	| 3	| 7	| 7	| 1	| 1	| 0	| 5	| 0	| 0	| 0	|
| PiE	| 3	| 3	| 6	| 2	| 6	| 5	| 1	| 3	| 1	| 0	| 0	| 0	|
| EnumF	| 0	| 1	| 3	| 2	| 2	| 3	| 0	| 0	| 0	| 0	| 0	| 0	|
| TypeF	| 0	| 0	| 0	| 0	| 0	| 0	| 0	| 0	| 0	| 0	| 0	| 0	|
| PiI	| 0	| 0	| 0	| 0	| 0	| 0	| 0	| 0	| 0	| 0	| 0	| 0	|
| SigmaF	| 0	| 0	| 0	| 0	| 0	| 0	| 0	| 0	| 0	| 0	| 0	| 0	|
| SigmaI	| 0	| 0	| 0	| 0	| 0	| 0	| 0	| 0	| 0	| 0	| 0	| 0	|
| IqF	| 0	| 0	| 0	| 0	| 0	| 0	| 0	| 0	| 0	| 0	| 0	| 0	|
| IqE	| 0	| 0	| 0	| 0	| 0	| 0	| 0	| 0	| 0	| 0	| 0	| 0	|

