Scores:
|	| Prec 	| Rec 	| F1 	| Supp 	|
| PiF	| 0.132	| 0.111	| 0.120	| 45	|
| Var	| 0.105	| 0.044	| 0.062	| 45	|
| Con	| 0.167	| 0.378	| 0.231	| 45	|
| EnumF	| 0.089	| 0.378	| 0.143	| 45	|
| TypeF	| 0.182	| 0.083	| 0.114	| 24	|
| SigmaE	| 0.357	| 0.111	| 0.169	| 45	|
| PiI	| 1.000	| 0.000	| 0.000	| 31	|
| PiE	| 1.000	| 0.000	| 0.000	| 45	|
| SigmaF	| 1.000	| 0.000	| 0.000	| 45	|
| SigmaI	| 1.000	| 0.000	| 0.000	| 1	|
| IqF	| 1.000	| 0.000	| 0.000	| 1	|
| IqE	| 1.000	| 0.000	| 0.000	| 4	|

| micro	| 0.128	| 0.128	| 0.128	| 376	|
| macro	| 0.586	| 0.092	| 0.070	| 376	|
| w-avg	| 0.451	| 0.128	| 0.094	| 376	|

Confusion matrix: 
|	| PiF	| Var	| Con	| EnumF	| TypeF	| SigmaE	| PiI	| PiE	| SigmaF	| SigmaI	| IqF	| IqE	|
| PiF	| 5	| 4	| 3	| 5	| 5	| 3	| 2	| 5	| 6	| 0	| 0	| 0	|
| Var	| 2	| 2	| 2	| 5	| 0	| 0	| 3	| 1	| 4	| 0	| 0	| 0	|
| Con	| 6	| 14	| 17	| 17	| 6	| 7	| 10	| 14	| 11	| 0	| 0	| 0	|
| EnumF	| 28	| 23	| 19	| 17	| 11	| 30	| 16	| 21	| 21	| 1	| 1	| 4	|
| TypeF	| 4	| 1	| 2	| 0	| 2	| 0	| 0	| 2	| 0	| 0	| 0	| 0	|
| SigmaE	| 0	| 1	| 2	| 1	| 0	| 5	| 0	| 2	| 3	| 0	| 0	| 0	|
| PiI	| 0	| 0	| 0	| 0	| 0	| 0	| 0	| 0	| 0	| 0	| 0	| 0	|
| PiE	| 0	| 0	| 0	| 0	| 0	| 0	| 0	| 0	| 0	| 0	| 0	| 0	|
| SigmaF	| 0	| 0	| 0	| 0	| 0	| 0	| 0	| 0	| 0	| 0	| 0	| 0	|
| SigmaI	| 0	| 0	| 0	| 0	| 0	| 0	| 0	| 0	| 0	| 0	| 0	| 0	|
| IqF	| 0	| 0	| 0	| 0	| 0	| 0	| 0	| 0	| 0	| 0	| 0	| 0	|
| IqE	| 0	| 0	| 0	| 0	| 0	| 0	| 0	| 0	| 0	| 0	| 0	| 0	|

