Scores:
|	| Prec 	| Rec 	| F1 	| Supp 	|
| PiF	| 0.080	| 0.133	| 0.100	| 45	|
| Var	| 1.000	| 0.000	| 0.000	| 45	|
| SigmaE	| 0.152	| 0.622	| 0.245	| 45	|
| Con	| 0.170	| 0.378	| 0.234	| 45	|
| TypeF	| 0.118	| 0.083	| 0.098	| 24	|
| PiI	| 1.000	| 0.000	| 0.000	| 31	|
| PiE	| 1.000	| 0.000	| 0.000	| 45	|
| SigmaF	| 1.000	| 0.000	| 0.000	| 45	|
| SigmaI	| 1.000	| 0.000	| 0.000	| 1	|
| EnumF	| 1.000	| 0.000	| 0.000	| 45	|
| IqF	| 1.000	| 0.000	| 0.000	| 1	|
| IqE	| 1.000	| 0.000	| 0.000	| 4	|

| micro	| 0.141	| 0.141	| 0.141	| 376	|
| macro	| 0.710	| 0.101	| 0.056	| 376	|
| w-avg	| 0.633	| 0.141	| 0.076	| 376	|

Confusion matrix: 
|	| PiF	| Var	| SigmaE	| Con	| TypeF	| PiI	| PiE	| SigmaF	| SigmaI	| EnumF	| IqF	| IqE	|
| PiF	| 6	| 11	| 8	| 13	| 7	| 5	| 8	| 10	| 1	| 6	| 0	| 0	|
| Var	| 0	| 0	| 0	| 0	| 0	| 0	| 0	| 0	| 0	| 0	| 0	| 0	|
| SigmaE	| 27	| 27	| 28	| 12	| 9	| 16	| 18	| 20	| 0	| 23	| 0	| 4	|
| Con	| 7	| 7	| 9	| 17	| 6	| 10	| 17	| 12	| 0	| 14	| 1	| 0	|
| TypeF	| 5	| 0	| 0	| 3	| 2	| 0	| 2	| 3	| 0	| 2	| 0	| 0	|
| PiI	| 0	| 0	| 0	| 0	| 0	| 0	| 0	| 0	| 0	| 0	| 0	| 0	|
| PiE	| 0	| 0	| 0	| 0	| 0	| 0	| 0	| 0	| 0	| 0	| 0	| 0	|
| SigmaF	| 0	| 0	| 0	| 0	| 0	| 0	| 0	| 0	| 0	| 0	| 0	| 0	|
| SigmaI	| 0	| 0	| 0	| 0	| 0	| 0	| 0	| 0	| 0	| 0	| 0	| 0	|
| EnumF	| 0	| 0	| 0	| 0	| 0	| 0	| 0	| 0	| 0	| 0	| 0	| 0	|
| IqF	| 0	| 0	| 0	| 0	| 0	| 0	| 0	| 0	| 0	| 0	| 0	| 0	|
| IqE	| 0	| 0	| 0	| 0	| 0	| 0	| 0	| 0	| 0	| 0	| 0	| 0	|

