Scores:
|	| Prec 	| Rec 	| F1 	| Supp 	|
| SigmaE	| 0.296	| 0.178	| 0.222	| 45	|
| Var	| 1.000	| 0.000	| 0.000	| 45	|
| Con	| 0.141	| 0.289	| 0.190	| 45	|
| PiF	| 0.125	| 0.600	| 0.207	| 45	|
| SigmaF	| 0.045	| 0.022	| 0.030	| 45	|
| TypeF	| 0.238	| 0.208	| 0.222	| 24	|
| PiI	| 1.000	| 0.000	| 0.000	| 31	|
| PiE	| 1.000	| 0.000	| 0.000	| 45	|
| SigmaI	| 1.000	| 0.000	| 0.000	| 2	|
| EnumF	| 1.000	| 0.000	| 0.000	| 45	|
| IqF	| 1.000	| 0.000	| 0.000	| 2	|
| IqE	| 1.000	| 0.000	| 0.000	| 4	|

| micro	| 0.143	| 0.143	| 0.143	| 378	|
| macro	| 0.654	| 0.108	| 0.073	| 378	|
| w-avg	| 0.548	| 0.143	| 0.091	| 378	|

Confusion matrix: 
|	| SigmaE	| Var	| Con	| PiF	| SigmaF	| TypeF	| PiI	| PiE	| SigmaI	| EnumF	| IqF	| IqE	|
| SigmaE	| 8	| 7	| 1	| 0	| 6	| 0	| 0	| 1	| 0	| 4	| 0	| 0	|
| Var	| 0	| 0	| 0	| 0	| 0	| 0	| 0	| 0	| 0	| 0	| 0	| 0	|
| Con	| 9	| 10	| 13	| 8	| 16	| 3	| 8	| 13	| 0	| 12	| 0	| 0	|
| PiF	| 25	| 24	| 29	| 27	| 21	| 12	| 20	| 26	| 2	| 24	| 2	| 4	|
| SigmaF	| 2	| 2	| 1	| 4	| 1	| 4	| 1	| 4	| 0	| 3	| 0	| 0	|
| TypeF	| 1	| 2	| 1	| 6	| 1	| 5	| 2	| 1	| 0	| 2	| 0	| 0	|
| PiI	| 0	| 0	| 0	| 0	| 0	| 0	| 0	| 0	| 0	| 0	| 0	| 0	|
| PiE	| 0	| 0	| 0	| 0	| 0	| 0	| 0	| 0	| 0	| 0	| 0	| 0	|
| SigmaI	| 0	| 0	| 0	| 0	| 0	| 0	| 0	| 0	| 0	| 0	| 0	| 0	|
| EnumF	| 0	| 0	| 0	| 0	| 0	| 0	| 0	| 0	| 0	| 0	| 0	| 0	|
| IqF	| 0	| 0	| 0	| 0	| 0	| 0	| 0	| 0	| 0	| 0	| 0	| 0	|
| IqE	| 0	| 0	| 0	| 0	| 0	| 0	| 0	| 0	| 0	| 0	| 0	| 0	|

