Scores:
|	| Prec 	| Rec 	| F1 	| Supp 	|
| Var	| 0.293	| 0.343	| 0.316	| 35	|
| SigmaF	| 0.000	| 0.000	| 0.000	| 0	|
| Con	| 1.000	| 0.000	| 0.000	| 16	|
| PiF	| 0.000	| 0.000	| 0.000	| 17	|
| PiE	| 0.216	| 0.571	| 0.314	| 14	|
| SigmaE	| 1.000	| 0.000	| 0.000	| 6	|
| IqE	| 0.000	| 0.000	| 0.000	| 6	|
| PiI	| 1.000	| 0.000	| 0.000	| 2	|
| SigmaI	| 0.000	| 0.000	| 0.000	| 1	|

| micro	| 0.206	| 0.206	| 0.206	| 97	|
| macro	| 0.390	| 0.102	| 0.070	| 97	|
| w-avg	| 0.384	| 0.206	| 0.159	| 97	|

Confusion matrix: 
|	| Var	| SigmaF	| Con	| PiF	| PiE	| SigmaE	| IqE	| PiI	| SigmaI	|
| Var	| 12	| 0	| 11	| 11	| 4	| 1	| 0	| 2	| 0	|
| SigmaF	| 6	| 0	| 1	| 2	| 2	| 1	| 0	| 0	| 1	|
| Con	| 0	| 0	| 0	| 0	| 0	| 0	| 0	| 0	| 0	|
| PiF	| 1	| 0	| 0	| 0	| 0	| 0	| 0	| 0	| 0	|
| PiE	| 14	| 0	| 4	| 3	| 8	| 2	| 6	| 0	| 0	|
| SigmaE	| 0	| 0	| 0	| 0	| 0	| 0	| 0	| 0	| 0	|
| IqE	| 1	| 0	| 0	| 1	| 0	| 0	| 0	| 0	| 0	|
| PiI	| 0	| 0	| 0	| 0	| 0	| 0	| 0	| 0	| 0	|
| SigmaI	| 1	| 0	| 0	| 0	| 0	| 2	| 0	| 0	| 0	|

