Scores:
|	| Prec 	| Rec 	| F1 	| Supp 	|
| PiF	| 0.141	| 0.711	| 0.235	| 45	|
| Var	| 1.000	| 0.000	| 0.000	| 45	|
| PiE	| 0.161	| 0.311	| 0.212	| 45	|
| Con	| 0.194	| 0.133	| 0.158	| 45	|
| SigmaE	| 0.200	| 0.089	| 0.123	| 45	|
| TypeF	| 0.273	| 0.125	| 0.171	| 24	|
| PiI	| 1.000	| 0.000	| 0.000	| 31	|
| SigmaF	| 1.000	| 0.000	| 0.000	| 45	|
| SigmaI	| 1.000	| 0.000	| 0.000	| 1	|
| EnumF	| 1.000	| 0.000	| 0.000	| 45	|
| IqF	| 1.000	| 0.000	| 0.000	| 1	|
| IqE	| 1.000	| 0.000	| 0.000	| 4	|

| micro	| 0.157	| 0.157	| 0.157	| 376	|
| macro	| 0.664	| 0.114	| 0.075	| 376	|
| w-avg	| 0.558	| 0.157	| 0.098	| 376	|

Confusion matrix: 
|	| PiF	| Var	| PiE	| Con	| SigmaE	| TypeF	| PiI	| SigmaF	| SigmaI	| EnumF	| IqF	| IqE	|
| PiF	| 32	| 32	| 23	| 22	| 27	| 17	| 20	| 26	| 1	| 22	| 1	| 4	|
| Var	| 0	| 0	| 0	| 0	| 0	| 0	| 0	| 0	| 0	| 0	| 0	| 0	|
| PiE	| 6	| 7	| 14	| 16	| 11	| 3	| 7	| 11	| 0	| 12	| 0	| 0	|
| Con	| 6	| 2	| 2	| 6	| 3	| 1	| 1	| 7	| 0	| 3	| 0	| 0	|
| SigmaE	| 0	| 3	| 4	| 0	| 4	| 0	| 1	| 1	| 0	| 7	| 0	| 0	|
| TypeF	| 1	| 1	| 2	| 1	| 0	| 3	| 2	| 0	| 0	| 1	| 0	| 0	|
| PiI	| 0	| 0	| 0	| 0	| 0	| 0	| 0	| 0	| 0	| 0	| 0	| 0	|
| SigmaF	| 0	| 0	| 0	| 0	| 0	| 0	| 0	| 0	| 0	| 0	| 0	| 0	|
| SigmaI	| 0	| 0	| 0	| 0	| 0	| 0	| 0	| 0	| 0	| 0	| 0	| 0	|
| EnumF	| 0	| 0	| 0	| 0	| 0	| 0	| 0	| 0	| 0	| 0	| 0	| 0	|
| IqF	| 0	| 0	| 0	| 0	| 0	| 0	| 0	| 0	| 0	| 0	| 0	| 0	|
| IqE	| 0	| 0	| 0	| 0	| 0	| 0	| 0	| 0	| 0	| 0	| 0	| 0	|

