Scores:
|	| Prec 	| Rec 	| F1 	| Supp 	|
| SigmaE	| 0.135	| 0.622	| 0.222	| 45	|
| Var	| 1.000	| 0.000	| 0.000	| 45	|
| PiF	| 0.158	| 0.267	| 0.198	| 45	|
| PiE	| 0.115	| 0.222	| 0.152	| 45	|
| Con	| 1.000	| 0.000	| 0.000	| 45	|
| EnumF	| 0.250	| 0.044	| 0.075	| 45	|
| TypeF	| 1.000	| 0.000	| 0.000	| 24	|
| PiI	| 1.000	| 0.000	| 0.000	| 31	|
| SigmaF	| 1.000	| 0.000	| 0.000	| 45	|
| SigmaI	| 1.000	| 0.000	| 0.000	| 2	|
| IqF	| 1.000	| 0.000	| 0.000	| 2	|
| IqE	| 1.000	| 0.000	| 0.000	| 4	|

| micro	| 0.138	| 0.138	| 0.138	| 378	|
| macro	| 0.722	| 0.096	| 0.054	| 378	|
| w-avg	| 0.602	| 0.138	| 0.077	| 378	|

Confusion matrix: 
|	| SigmaE	| Var	| PiF	| PiE	| Con	| EnumF	| TypeF	| PiI	| SigmaF	| SigmaI	| IqF	| IqE	|
| SigmaE	| 28	| 29	| 26	| 24	| 23	| 25	| 8	| 13	| 23	| 2	| 2	| 4	|
| Var	| 0	| 0	| 0	| 0	| 0	| 0	| 0	| 0	| 0	| 0	| 0	| 0	|
| PiF	| 9	| 7	| 12	| 10	| 10	| 6	| 10	| 5	| 7	| 0	| 0	| 0	|
| PiE	| 6	| 9	| 7	| 10	| 11	| 12	| 6	| 13	| 13	| 0	| 0	| 0	|
| Con	| 0	| 0	| 0	| 0	| 0	| 0	| 0	| 0	| 0	| 0	| 0	| 0	|
| EnumF	| 2	| 0	| 0	| 1	| 1	| 2	| 0	| 0	| 2	| 0	| 0	| 0	|
| TypeF	| 0	| 0	| 0	| 0	| 0	| 0	| 0	| 0	| 0	| 0	| 0	| 0	|
| PiI	| 0	| 0	| 0	| 0	| 0	| 0	| 0	| 0	| 0	| 0	| 0	| 0	|
| SigmaF	| 0	| 0	| 0	| 0	| 0	| 0	| 0	| 0	| 0	| 0	| 0	| 0	|
| SigmaI	| 0	| 0	| 0	| 0	| 0	| 0	| 0	| 0	| 0	| 0	| 0	| 0	|
| IqF	| 0	| 0	| 0	| 0	| 0	| 0	| 0	| 0	| 0	| 0	| 0	| 0	|
| IqE	| 0	| 0	| 0	| 0	| 0	| 0	| 0	| 0	| 0	| 0	| 0	| 0	|

