Scores:
|	| Prec 	| Rec 	| F1 	| Supp 	|
| SigmaE	| 0.130	| 0.600	| 0.213	| 45	|
| Var	| 0.143	| 0.067	| 0.091	| 45	|
| Con	| 0.129	| 0.267	| 0.174	| 45	|
| PiF	| 0.133	| 0.044	| 0.067	| 45	|
| TypeF	| 0.143	| 0.250	| 0.182	| 24	|
| PiI	| 1.000	| 0.000	| 0.000	| 31	|
| PiE	| 1.000	| 0.000	| 0.000	| 45	|
| SigmaF	| 1.000	| 0.000	| 0.000	| 45	|
| SigmaI	| 1.000	| 0.000	| 0.000	| 2	|
| EnumF	| 1.000	| 0.000	| 0.000	| 45	|
| IqF	| 1.000	| 0.000	| 0.000	| 2	|
| IqE	| 1.000	| 0.000	| 0.000	| 5	|

| micro	| 0.132	| 0.132	| 0.132	| 379	|
| macro	| 0.640	| 0.102	| 0.061	| 379	|
| w-avg	| 0.534	| 0.132	| 0.076	| 379	|

Confusion matrix: 
|	| SigmaE	| Var	| Con	| PiF	| TypeF	| PiI	| PiE	| SigmaF	| SigmaI	| EnumF	| IqF	| IqE	|
| SigmaE	| 27	| 26	| 25	| 30	| 11	| 16	| 22	| 19	| 2	| 24	| 1	| 5	|
| Var	| 2	| 3	| 2	| 5	| 2	| 4	| 0	| 3	| 0	| 0	| 0	| 0	|
| Con	| 11	| 10	| 12	| 7	| 2	| 5	| 15	| 16	| 0	| 14	| 1	| 0	|
| PiF	| 0	| 1	| 1	| 2	| 3	| 4	| 0	| 1	| 0	| 3	| 0	| 0	|
| TypeF	| 5	| 5	| 5	| 1	| 6	| 2	| 8	| 6	| 0	| 4	| 0	| 0	|
| PiI	| 0	| 0	| 0	| 0	| 0	| 0	| 0	| 0	| 0	| 0	| 0	| 0	|
| PiE	| 0	| 0	| 0	| 0	| 0	| 0	| 0	| 0	| 0	| 0	| 0	| 0	|
| SigmaF	| 0	| 0	| 0	| 0	| 0	| 0	| 0	| 0	| 0	| 0	| 0	| 0	|
| SigmaI	| 0	| 0	| 0	| 0	| 0	| 0	| 0	| 0	| 0	| 0	| 0	| 0	|
| EnumF	| 0	| 0	| 0	| 0	| 0	| 0	| 0	| 0	| 0	| 0	| 0	| 0	|
| IqF	| 0	| 0	| 0	| 0	| 0	| 0	| 0	| 0	| 0	| 0	| 0	| 0	|
| IqE	| 0	| 0	| 0	| 0	| 0	| 0	| 0	| 0	| 0	| 0	| 0	| 0	|

