Scores:
|	| Prec 	| Rec 	| F1 	| Supp 	|
| PiE	| 0.241	| 0.430	| 0.309	| 107	|
| Var	| 0.242	| 0.559	| 0.338	| 127	|
| SigmaF	| 0.244	| 0.091	| 0.133	| 121	|
| PiF	| 0.000	| 0.000	| 0.000	| 17	|
| Con	| 1.000	| 0.000	| 0.000	| 75	|
| EnumF	| 0.136	| 0.042	| 0.065	| 71	|
| SigmaE	| 1.000	| 0.000	| 0.000	| 26	|
| IqE	| 1.000	| 0.000	| 0.000	| 4	|
| SigmaI	| 1.000	| 0.000	| 0.000	| 1	|
| PiI	| 1.000	| 0.000	| 0.000	| 3	|
| TypeF	| 1.000	| 0.000	| 0.000	| 1	|

| micro	| 0.237	| 0.237	| 0.237	| 553	|
| macro	| 0.624	| 0.102	| 0.077	| 553	|
| w-avg	| 0.372	| 0.237	| 0.175	| 553	|

Confusion matrix: 
|	| PiE	| Var	| SigmaF	| PiF	| Con	| EnumF	| SigmaE	| IqE	| SigmaI	| PiI	| TypeF	|
| PiE	| 46	| 43	| 37	| 0	| 34	| 28	| 2	| 0	| 0	| 0	| 1	|
| Var	| 47	| 71	| 69	| 13	| 32	| 31	| 24	| 4	| 1	| 1	| 0	|
| SigmaF	| 12	| 7	| 11	| 3	| 3	| 9	| 0	| 0	| 0	| 0	| 0	|
| PiF	| 0	| 1	| 0	| 0	| 0	| 0	| 0	| 0	| 0	| 1	| 0	|
| Con	| 0	| 0	| 0	| 0	| 0	| 0	| 0	| 0	| 0	| 0	| 0	|
| EnumF	| 2	| 5	| 4	| 1	| 6	| 3	| 0	| 0	| 0	| 1	| 0	|
| SigmaE	| 0	| 0	| 0	| 0	| 0	| 0	| 0	| 0	| 0	| 0	| 0	|
| IqE	| 0	| 0	| 0	| 0	| 0	| 0	| 0	| 0	| 0	| 0	| 0	|
| SigmaI	| 0	| 0	| 0	| 0	| 0	| 0	| 0	| 0	| 0	| 0	| 0	|
| PiI	| 0	| 0	| 0	| 0	| 0	| 0	| 0	| 0	| 0	| 0	| 0	|
| TypeF	| 0	| 0	| 0	| 0	| 0	| 0	| 0	| 0	| 0	| 0	| 0	|

