Scores:
|	| Prec 	| Rec 	| F1 	| Supp 	|
| SigmaE	| 0.124	| 0.511	| 0.200	| 45	|
| Var	| 1.000	| 0.000	| 0.000	| 45	|
| SigmaF	| 0.107	| 0.133	| 0.119	| 45	|
| Con	| 0.182	| 0.044	| 0.071	| 45	|
| TypeF	| 0.160	| 0.167	| 0.163	| 24	|
| PiF	| 0.175	| 0.244	| 0.204	| 45	|
| EnumF	| 0.077	| 0.067	| 0.071	| 45	|
| PiI	| 1.000	| 0.000	| 0.000	| 31	|
| PiE	| 1.000	| 0.000	| 0.000	| 45	|
| SigmaI	| 1.000	| 0.000	| 0.000	| 2	|
| IqF	| 1.000	| 0.000	| 0.000	| 2	|
| IqE	| 1.000	| 0.000	| 0.000	| 5	|

| micro	| 0.129	| 0.129	| 0.129	| 379	|
| macro	| 0.569	| 0.097	| 0.069	| 379	|
| w-avg	| 0.432	| 0.129	| 0.089	| 379	|

Confusion matrix: 
|	| SigmaE	| Var	| SigmaF	| Con	| TypeF	| PiF	| EnumF	| PiI	| PiE	| SigmaI	| IqF	| IqE	|
| SigmaE	| 23	| 22	| 25	| 20	| 8	| 22	| 22	| 16	| 19	| 2	| 1	| 5	|
| Var	| 0	| 0	| 0	| 0	| 0	| 0	| 0	| 0	| 0	| 0	| 0	| 0	|
| SigmaF	| 6	| 11	| 6	| 8	| 1	| 2	| 10	| 2	| 9	| 0	| 1	| 0	|
| Con	| 2	| 1	| 2	| 2	| 0	| 0	| 1	| 0	| 3	| 0	| 0	| 0	|
| TypeF	| 1	| 4	| 1	| 1	| 4	| 7	| 2	| 1	| 4	| 0	| 0	| 0	|
| PiF	| 9	| 4	| 9	| 6	| 7	| 11	| 7	| 5	| 5	| 0	| 0	| 0	|
| EnumF	| 4	| 3	| 2	| 8	| 4	| 3	| 3	| 7	| 5	| 0	| 0	| 0	|
| PiI	| 0	| 0	| 0	| 0	| 0	| 0	| 0	| 0	| 0	| 0	| 0	| 0	|
| PiE	| 0	| 0	| 0	| 0	| 0	| 0	| 0	| 0	| 0	| 0	| 0	| 0	|
| SigmaI	| 0	| 0	| 0	| 0	| 0	| 0	| 0	| 0	| 0	| 0	| 0	| 0	|
| IqF	| 0	| 0	| 0	| 0	| 0	| 0	| 0	| 0	| 0	| 0	| 0	| 0	|
| IqE	| 0	| 0	| 0	| 0	| 0	| 0	| 0	| 0	| 0	| 0	| 0	| 0	|

