Scores:
|	| Prec 	| Rec 	| F1 	| Supp 	|
| Var	| 1.000	| 1.000	| 1.000	| 45	|
| Con	| 0.957	| 1.000	| 0.978	| 45	|
| TypeF	| 1.000	| 1.000	| 1.000	| 24	|
| PiF	| 0.957	| 1.000	| 0.978	| 45	|
| PiI	| 0.909	| 0.968	| 0.937	| 31	|
| SigmaE	| 0.977	| 0.933	| 0.955	| 45	|
| PiE	| 0.953	| 0.911	| 0.932	| 45	|
| SigmaF	| 0.933	| 0.933	| 0.933	| 45	|
| SigmaI	| 1.000	| 0.500	| 0.667	| 2	|
| IqE	| 0.833	| 1.000	| 0.909	| 5	|
| EnumF	| 1.000	| 0.978	| 0.989	| 45	|
| IqF	| 1.000	| 0.500	| 0.667	| 2	|

| micro	| 0.963	| 0.963	| 0.963	| 379	|
| macro	| 0.960	| 0.894	| 0.912	| 379	|
| w-avg	| 0.964	| 0.963	| 0.962	| 379	|

Confusion matrix: 
|	| Var	| Con	| TypeF	| PiF	| PiI	| SigmaE	| PiE	| SigmaF	| SigmaI	| IqE	| EnumF	| IqF	|
| Var	| 45	| 0	| 0	| 0	| 0	| 0	| 0	| 0	| 0	| 0	| 0	| 0	|
| Con	| 0	| 45	| 0	| 0	| 0	| 1	| 0	| 1	| 0	| 0	| 0	| 0	|
| TypeF	| 0	| 0	| 24	| 0	| 0	| 0	| 0	| 0	| 0	| 0	| 0	| 0	|
| PiF	| 0	| 0	| 0	| 45	| 0	| 0	| 0	| 1	| 0	| 0	| 1	| 0	|
| PiI	| 0	| 0	| 0	| 0	| 30	| 0	| 2	| 0	| 1	| 0	| 0	| 0	|
| SigmaE	| 0	| 0	| 0	| 0	| 1	| 42	| 0	| 0	| 0	| 0	| 0	| 0	|
| PiE	| 0	| 0	| 0	| 0	| 0	| 1	| 41	| 1	| 0	| 0	| 0	| 0	|
| SigmaF	| 0	| 0	| 0	| 0	| 0	| 0	| 2	| 42	| 0	| 0	| 0	| 1	|
| SigmaI	| 0	| 0	| 0	| 0	| 0	| 0	| 0	| 0	| 1	| 0	| 0	| 0	|
| IqE	| 0	| 0	| 0	| 0	| 0	| 1	| 0	| 0	| 0	| 5	| 0	| 0	|
| EnumF	| 0	| 0	| 0	| 0	| 0	| 0	| 0	| 0	| 0	| 0	| 44	| 0	|
| IqF	| 0	| 0	| 0	| 0	| 0	| 0	| 0	| 0	| 0	| 0	| 0	| 1	|

