Scores:
|	| Prec 	| Rec 	| F1 	| Supp 	|
| SigmaE	| 0.300	| 0.133	| 0.185	| 45	|
| Var	| 1.000	| 0.000	| 0.000	| 45	|
| PiE	| 0.241	| 0.311	| 0.272	| 45	|
| TypeF	| 0.375	| 0.125	| 0.188	| 24	|
| PiF	| 0.159	| 0.733	| 0.262	| 45	|
| Con	| 0.116	| 0.222	| 0.153	| 45	|
| PiI	| 1.000	| 0.000	| 0.000	| 31	|
| SigmaF	| 1.000	| 0.000	| 0.000	| 45	|
| SigmaI	| 1.000	| 0.000	| 0.000	| 2	|
| EnumF	| 1.000	| 0.000	| 0.000	| 45	|
| IqF	| 1.000	| 0.000	| 0.000	| 2	|
| IqE	| 1.000	| 0.000	| 0.000	| 5	|

| micro	| 0.174	| 0.174	| 0.174	| 379	|
| macro	| 0.683	| 0.127	| 0.088	| 379	|
| w-avg	| 0.583	| 0.174	| 0.115	| 379	|

Confusion matrix: 
|	| SigmaE	| Var	| PiE	| TypeF	| PiF	| Con	| PiI	| SigmaF	| SigmaI	| EnumF	| IqF	| IqE	|
| SigmaE	| 6	| 2	| 2	| 0	| 1	| 4	| 0	| 3	| 0	| 2	| 0	| 0	|
| Var	| 0	| 0	| 0	| 0	| 0	| 0	| 0	| 0	| 0	| 0	| 0	| 0	|
| PiE	| 4	| 7	| 14	| 2	| 3	| 12	| 3	| 7	| 0	| 6	| 0	| 0	|
| TypeF	| 0	| 1	| 2	| 3	| 0	| 0	| 1	| 0	| 0	| 1	| 0	| 0	|
| PiF	| 19	| 26	| 18	| 14	| 33	| 19	| 19	| 24	| 1	| 27	| 2	| 5	|
| Con	| 16	| 9	| 9	| 5	| 8	| 10	| 8	| 11	| 1	| 9	| 0	| 0	|
| PiI	| 0	| 0	| 0	| 0	| 0	| 0	| 0	| 0	| 0	| 0	| 0	| 0	|
| SigmaF	| 0	| 0	| 0	| 0	| 0	| 0	| 0	| 0	| 0	| 0	| 0	| 0	|
| SigmaI	| 0	| 0	| 0	| 0	| 0	| 0	| 0	| 0	| 0	| 0	| 0	| 0	|
| EnumF	| 0	| 0	| 0	| 0	| 0	| 0	| 0	| 0	| 0	| 0	| 0	| 0	|
| IqF	| 0	| 0	| 0	| 0	| 0	| 0	| 0	| 0	| 0	| 0	| 0	| 0	|
| IqE	| 0	| 0	| 0	| 0	| 0	| 0	| 0	| 0	| 0	| 0	| 0	| 0	|

