Scores:
|	| Prec 	| Rec 	| F1 	| Supp 	|
| Var	| 0.821	| 0.867	| 0.843	| 90	|
| Con	| 0.392	| 0.867	| 0.540	| 90	|
| SigmaE	| 0.832	| 0.933	| 0.880	| 90	|
| PiF	| 0.624	| 0.922	| 0.744	| 90	|
| PiI	| 0.000	| 0.000	| 0.000	| 62	|
| TypeF	| 1.000	| 0.354	| 0.523	| 48	|
| SigmaF	| 0.774	| 0.989	| 0.868	| 90	|
| EnumF	| 0.867	| 0.433	| 0.578	| 90	|
| PiE	| 0.870	| 0.444	| 0.588	| 90	|
| SigmaI	| 1.000	| 0.000	| 0.000	| 2	|
| IqF	| 1.000	| 0.000	| 0.000	| 2	|
| IqE	| 1.000	| 0.000	| 0.000	| 8	|

| micro	| 0.676	| 0.676	| 0.676	| 752	|
| macro	| 0.765	| 0.484	| 0.464	| 752	|
| w-avg	| 0.700	| 0.676	| 0.637	| 752	|

Confusion matrix: 
|	| Var	| Con	| SigmaE	| PiF	| PiI	| TypeF	| SigmaF	| EnumF	| PiE	| SigmaI	| IqF	| IqE	|
| Var	| 78	| 9	| 5	| 0	| 1	| 0	| 0	| 0	| 0	| 2	| 0	| 0	|
| Con	| 2	| 78	| 0	| 0	| 50	| 0	| 0	| 24	| 45	| 0	| 0	| 0	|
| SigmaE	| 9	| 0	| 84	| 0	| 0	| 0	| 0	| 0	| 0	| 0	| 0	| 8	|
| PiF	| 1	| 2	| 1	| 83	| 8	| 31	| 0	| 6	| 1	| 0	| 0	| 0	|
| PiI	| 0	| 1	| 0	| 0	| 0	| 0	| 0	| 0	| 0	| 0	| 0	| 0	|
| TypeF	| 0	| 0	| 0	| 0	| 0	| 17	| 0	| 0	| 0	| 0	| 0	| 0	|
| SigmaF	| 0	| 0	| 0	| 4	| 0	| 0	| 89	| 20	| 2	| 0	| 0	| 0	|
| EnumF	| 0	| 0	| 0	| 3	| 0	| 0	| 0	| 39	| 2	| 0	| 1	| 0	|
| PiE	| 0	| 0	| 0	| 0	| 3	| 0	| 1	| 1	| 40	| 0	| 1	| 0	|
| SigmaI	| 0	| 0	| 0	| 0	| 0	| 0	| 0	| 0	| 0	| 0	| 0	| 0	|
| IqF	| 0	| 0	| 0	| 0	| 0	| 0	| 0	| 0	| 0	| 0	| 0	| 0	|
| IqE	| 0	| 0	| 0	| 0	| 0	| 0	| 0	| 0	| 0	| 0	| 0	| 0	|

