Scores:
|	| Prec 	| Rec 	| F1 	| Supp 	|
| PiE	| 0.142	| 0.356	| 0.203	| 45	|
| Var	| 1.000	| 0.000	| 0.000	| 45	|
| SigmaE	| 0.141	| 0.667	| 0.233	| 45	|
| PiF	| 0.100	| 0.111	| 0.105	| 45	|
| Con	| 1.000	| 0.000	| 0.000	| 45	|
| TypeF	| 1.000	| 0.000	| 0.000	| 24	|
| PiI	| 1.000	| 0.000	| 0.000	| 31	|
| SigmaF	| 1.000	| 0.000	| 0.000	| 45	|
| SigmaI	| 1.000	| 0.000	| 0.000	| 1	|
| EnumF	| 1.000	| 0.000	| 0.000	| 45	|
| IqF	| 1.000	| 0.000	| 0.000	| 1	|
| IqE	| 1.000	| 0.000	| 0.000	| 4	|

| micro	| 0.136	| 0.136	| 0.136	| 376	|
| macro	| 0.782	| 0.094	| 0.045	| 376	|
| w-avg	| 0.687	| 0.136	| 0.065	| 376	|

Confusion matrix: 
|	| PiE	| Var	| SigmaE	| PiF	| Con	| TypeF	| PiI	| SigmaF	| SigmaI	| EnumF	| IqF	| IqE	|
| PiE	| 16	| 16	| 11	| 11	| 20	| 3	| 11	| 13	| 0	| 12	| 0	| 0	|
| Var	| 0	| 0	| 0	| 0	| 0	| 0	| 0	| 0	| 0	| 0	| 0	| 0	|
| SigmaE	| 23	| 26	| 30	| 29	| 19	| 13	| 18	| 21	| 1	| 28	| 1	| 4	|
| PiF	| 6	| 3	| 4	| 5	| 6	| 8	| 2	| 11	| 0	| 5	| 0	| 0	|
| Con	| 0	| 0	| 0	| 0	| 0	| 0	| 0	| 0	| 0	| 0	| 0	| 0	|
| TypeF	| 0	| 0	| 0	| 0	| 0	| 0	| 0	| 0	| 0	| 0	| 0	| 0	|
| PiI	| 0	| 0	| 0	| 0	| 0	| 0	| 0	| 0	| 0	| 0	| 0	| 0	|
| SigmaF	| 0	| 0	| 0	| 0	| 0	| 0	| 0	| 0	| 0	| 0	| 0	| 0	|
| SigmaI	| 0	| 0	| 0	| 0	| 0	| 0	| 0	| 0	| 0	| 0	| 0	| 0	|
| EnumF	| 0	| 0	| 0	| 0	| 0	| 0	| 0	| 0	| 0	| 0	| 0	| 0	|
| IqF	| 0	| 0	| 0	| 0	| 0	| 0	| 0	| 0	| 0	| 0	| 0	| 0	|
| IqE	| 0	| 0	| 0	| 0	| 0	| 0	| 0	| 0	| 0	| 0	| 0	| 0	|

