Scores:
|	| Prec 	| Rec 	| F1 	| Supp 	|
| SigmaE	| 0.144	| 0.689	| 0.238	| 45	|
| Var	| 1.000	| 0.000	| 0.000	| 45	|
| Con	| 0.255	| 0.289	| 0.271	| 45	|
| SigmaF	| 0.061	| 0.044	| 0.051	| 45	|
| PiF	| 0.171	| 0.289	| 0.215	| 45	|
| TypeF	| 1.000	| 0.000	| 0.000	| 24	|
| PiI	| 1.000	| 0.000	| 0.000	| 31	|
| PiE	| 1.000	| 0.000	| 0.000	| 45	|
| SigmaI	| 1.000	| 0.000	| 0.000	| 1	|
| EnumF	| 1.000	| 0.000	| 0.000	| 45	|
| IqF	| 1.000	| 0.000	| 0.000	| 1	|
| IqE	| 1.000	| 0.000	| 0.000	| 4	|

| micro	| 0.157	| 0.157	| 0.157	| 376	|
| macro	| 0.719	| 0.109	| 0.065	| 376	|
| w-avg	| 0.597	| 0.157	| 0.093	| 376	|

Confusion matrix: 
|	| SigmaE	| Var	| Con	| SigmaF	| PiF	| TypeF	| PiI	| PiE	| SigmaI	| EnumF	| IqF	| IqE	|
| SigmaE	| 31	| 32	| 16	| 34	| 25	| 7	| 18	| 24	| 1	| 23	| 1	| 4	|
| Var	| 0	| 0	| 0	| 0	| 0	| 0	| 0	| 0	| 0	| 0	| 0	| 0	|
| Con	| 7	| 6	| 13	| 5	| 2	| 1	| 4	| 5	| 0	| 8	| 0	| 0	|
| SigmaF	| 4	| 3	| 5	| 2	| 5	| 3	| 2	| 7	| 0	| 2	| 0	| 0	|
| PiF	| 3	| 4	| 11	| 4	| 13	| 13	| 7	| 9	| 0	| 12	| 0	| 0	|
| TypeF	| 0	| 0	| 0	| 0	| 0	| 0	| 0	| 0	| 0	| 0	| 0	| 0	|
| PiI	| 0	| 0	| 0	| 0	| 0	| 0	| 0	| 0	| 0	| 0	| 0	| 0	|
| PiE	| 0	| 0	| 0	| 0	| 0	| 0	| 0	| 0	| 0	| 0	| 0	| 0	|
| SigmaI	| 0	| 0	| 0	| 0	| 0	| 0	| 0	| 0	| 0	| 0	| 0	| 0	|
| EnumF	| 0	| 0	| 0	| 0	| 0	| 0	| 0	| 0	| 0	| 0	| 0	| 0	|
| IqF	| 0	| 0	| 0	| 0	| 0	| 0	| 0	| 0	| 0	| 0	| 0	| 0	|
| IqE	| 0	| 0	| 0	| 0	| 0	| 0	| 0	| 0	| 0	| 0	| 0	| 0	|

