Scores:
|	| Prec 	| Rec 	| F1 	| Supp 	|
| Var	| 0.945	| 0.956	| 0.950	| 90	|
| SigmaE	| 0.978	| 0.978	| 0.978	| 90	|
| Con	| 0.912	| 0.922	| 0.917	| 90	|
| SigmaF	| 0.929	| 0.878	| 0.903	| 90	|
| EnumF	| 0.908	| 0.989	| 0.947	| 90	|
| PiF	| 0.954	| 0.922	| 0.938	| 90	|
| TypeF	| 0.960	| 1.000	| 0.980	| 48	|
| PiE	| 0.892	| 0.922	| 0.907	| 90	|
| PiI	| 0.984	| 0.984	| 0.984	| 62	|
| SigmaI	| 1.000	| 0.000	| 0.000	| 3	|
| IqF	| 1.000	| 0.000	| 0.000	| 3	|
| IqE	| 1.000	| 0.875	| 0.933	| 8	|

| micro	| 0.938	| 0.938	| 0.938	| 754	|
| macro	| 0.955	| 0.785	| 0.786	| 754	|
| w-avg	| 0.939	| 0.938	| 0.934	| 754	|

Confusion matrix: 
|	| Var	| SigmaE	| Con	| SigmaF	| EnumF	| PiF	| TypeF	| PiE	| PiI	| SigmaI	| IqF	| IqE	|
| Var	| 86	| 1	| 2	| 0	| 0	| 0	| 0	| 1	| 0	| 0	| 0	| 1	|
| SigmaE	| 2	| 88	| 0	| 0	| 0	| 0	| 0	| 0	| 0	| 0	| 0	| 0	|
| Con	| 2	| 0	| 83	| 0	| 0	| 0	| 0	| 5	| 1	| 0	| 0	| 0	|
| SigmaF	| 0	| 0	| 3	| 79	| 0	| 3	| 0	| 0	| 0	| 0	| 0	| 0	|
| EnumF	| 0	| 0	| 1	| 8	| 89	| 0	| 0	| 0	| 0	| 0	| 0	| 0	|
| PiF	| 0	| 0	| 1	| 1	| 1	| 83	| 0	| 0	| 0	| 0	| 1	| 0	|
| TypeF	| 0	| 0	| 0	| 0	| 0	| 2	| 48	| 0	| 0	| 0	| 0	| 0	|
| PiE	| 0	| 1	| 0	| 2	| 0	| 2	| 0	| 83	| 0	| 3	| 2	| 0	|
| PiI	| 0	| 0	| 0	| 0	| 0	| 0	| 0	| 1	| 61	| 0	| 0	| 0	|
| SigmaI	| 0	| 0	| 0	| 0	| 0	| 0	| 0	| 0	| 0	| 0	| 0	| 0	|
| IqF	| 0	| 0	| 0	| 0	| 0	| 0	| 0	| 0	| 0	| 0	| 0	| 0	|
| IqE	| 0	| 0	| 0	| 0	| 0	| 0	| 0	| 0	| 0	| 0	| 0	| 7	|

