Scores:
|	| Prec 	| Rec 	| F1 	| Supp 	|
| PiF	| 0.148	| 0.800	| 0.249	| 45	|
| Var	| 1.000	| 0.000	| 0.000	| 45	|
| SigmaE	| 0.106	| 0.311	| 0.158	| 45	|
| Con	| 1.000	| 0.000	| 0.000	| 45	|
| TypeF	| 1.000	| 0.000	| 0.000	| 24	|
| PiI	| 1.000	| 0.000	| 0.000	| 31	|
| PiE	| 1.000	| 0.000	| 0.000	| 45	|
| SigmaF	| 1.000	| 0.000	| 0.000	| 45	|
| SigmaI	| 1.000	| 0.000	| 0.000	| 1	|
| EnumF	| 1.000	| 0.000	| 0.000	| 45	|
| IqF	| 1.000	| 0.000	| 0.000	| 1	|
| IqE	| 1.000	| 0.000	| 0.000	| 4	|

| micro	| 0.133	| 0.133	| 0.133	| 376	|
| macro	| 0.854	| 0.093	| 0.034	| 376	|
| w-avg	| 0.791	| 0.133	| 0.049	| 376	|

Confusion matrix: 
|	| PiF	| Var	| SigmaE	| Con	| TypeF	| PiI	| PiE	| SigmaF	| SigmaI	| EnumF	| IqF	| IqE	|
| PiF	| 36	| 29	| 31	| 25	| 21	| 19	| 23	| 28	| 1	| 26	| 1	| 4	|
| Var	| 0	| 0	| 0	| 0	| 0	| 0	| 0	| 0	| 0	| 0	| 0	| 0	|
| SigmaE	| 9	| 16	| 14	| 20	| 3	| 12	| 22	| 17	| 0	| 19	| 0	| 0	|
| Con	| 0	| 0	| 0	| 0	| 0	| 0	| 0	| 0	| 0	| 0	| 0	| 0	|
| TypeF	| 0	| 0	| 0	| 0	| 0	| 0	| 0	| 0	| 0	| 0	| 0	| 0	|
| PiI	| 0	| 0	| 0	| 0	| 0	| 0	| 0	| 0	| 0	| 0	| 0	| 0	|
| PiE	| 0	| 0	| 0	| 0	| 0	| 0	| 0	| 0	| 0	| 0	| 0	| 0	|
| SigmaF	| 0	| 0	| 0	| 0	| 0	| 0	| 0	| 0	| 0	| 0	| 0	| 0	|
| SigmaI	| 0	| 0	| 0	| 0	| 0	| 0	| 0	| 0	| 0	| 0	| 0	| 0	|
| EnumF	| 0	| 0	| 0	| 0	| 0	| 0	| 0	| 0	| 0	| 0	| 0	| 0	|
| IqF	| 0	| 0	| 0	| 0	| 0	| 0	| 0	| 0	| 0	| 0	| 0	| 0	|
| IqE	| 0	| 0	| 0	| 0	| 0	| 0	| 0	| 0	| 0	| 0	| 0	| 0	|

