Scores:
|	| Prec 	| Rec 	| F1 	| Supp 	|
| EnumF	| 0.123	| 0.600	| 0.204	| 45	|
| Var	| 0.160	| 0.356	| 0.221	| 45	|
| PiE	| 0.125	| 0.156	| 0.139	| 45	|
| Con	| 1.000	| 0.000	| 0.000	| 45	|
| TypeF	| 1.000	| 0.000	| 0.000	| 24	|
| PiF	| 1.000	| 0.000	| 0.000	| 45	|
| PiI	| 1.000	| 0.000	| 0.000	| 31	|
| SigmaF	| 1.000	| 0.000	| 0.000	| 45	|
| SigmaI	| 1.000	| 0.000	| 0.000	| 1	|
| SigmaE	| 1.000	| 0.000	| 0.000	| 45	|
| IqF	| 1.000	| 0.000	| 0.000	| 1	|
| IqE	| 1.000	| 0.000	| 0.000	| 4	|

| micro	| 0.133	| 0.133	| 0.133	| 376	|
| macro	| 0.784	| 0.093	| 0.047	| 376	|
| w-avg	| 0.690	| 0.133	| 0.067	| 376	|

Confusion matrix: 
|	| EnumF	| Var	| PiE	| Con	| TypeF	| PiF	| PiI	| SigmaF	| SigmaI	| SigmaE	| IqF	| IqE	|
| EnumF	| 27	| 24	| 28	| 20	| 13	| 25	| 20	| 25	| 1	| 32	| 1	| 4	|
| Var	| 10	| 16	| 10	| 13	| 9	| 15	| 8	| 9	| 0	| 10	| 0	| 0	|
| PiE	| 8	| 5	| 7	| 12	| 2	| 5	| 3	| 11	| 0	| 3	| 0	| 0	|
| Con	| 0	| 0	| 0	| 0	| 0	| 0	| 0	| 0	| 0	| 0	| 0	| 0	|
| TypeF	| 0	| 0	| 0	| 0	| 0	| 0	| 0	| 0	| 0	| 0	| 0	| 0	|
| PiF	| 0	| 0	| 0	| 0	| 0	| 0	| 0	| 0	| 0	| 0	| 0	| 0	|
| PiI	| 0	| 0	| 0	| 0	| 0	| 0	| 0	| 0	| 0	| 0	| 0	| 0	|
| SigmaF	| 0	| 0	| 0	| 0	| 0	| 0	| 0	| 0	| 0	| 0	| 0	| 0	|
| SigmaI	| 0	| 0	| 0	| 0	| 0	| 0	| 0	| 0	| 0	| 0	| 0	| 0	|
| SigmaE	| 0	| 0	| 0	| 0	| 0	| 0	| 0	| 0	| 0	| 0	| 0	| 0	|
| IqF	| 0	| 0	| 0	| 0	| 0	| 0	| 0	| 0	| 0	| 0	| 0	| 0	|
| IqE	| 0	| 0	| 0	| 0	| 0	| 0	| 0	| 0	| 0	| 0	| 0	| 0	|

