Scores:
|	| Prec 	| Rec 	| F1 	| Supp 	|
| PiF	| 0.133	| 0.222	| 0.167	| 45	|
| Var	| 0.240	| 0.133	| 0.171	| 45	|
| SigmaE	| 0.148	| 0.622	| 0.239	| 45	|
| Con	| 0.156	| 0.311	| 0.207	| 45	|
| TypeF	| 1.000	| 0.000	| 0.000	| 24	|
| PiI	| 1.000	| 0.000	| 0.000	| 31	|
| PiE	| 1.000	| 0.000	| 0.000	| 45	|
| SigmaF	| 1.000	| 0.000	| 0.000	| 45	|
| SigmaI	| 1.000	| 0.000	| 0.000	| 2	|
| EnumF	| 1.000	| 0.000	| 0.000	| 45	|
| IqF	| 1.000	| 0.000	| 0.000	| 2	|
| IqE	| 1.000	| 0.000	| 0.000	| 5	|

| micro	| 0.153	| 0.153	| 0.153	| 379	|
| macro	| 0.723	| 0.107	| 0.065	| 379	|
| w-avg	| 0.605	| 0.153	| 0.093	| 379	|

Confusion matrix: 
|	| PiF	| Var	| SigmaE	| Con	| TypeF	| PiI	| PiE	| SigmaF	| SigmaI	| EnumF	| IqF	| IqE	|
| PiF	| 10	| 10	| 9	| 6	| 10	| 6	| 8	| 7	| 1	| 8	| 0	| 0	|
| Var	| 0	| 6	| 5	| 4	| 0	| 0	| 1	| 6	| 0	| 3	| 0	| 0	|
| SigmaE	| 27	| 16	| 28	| 21	| 8	| 19	| 24	| 19	| 1	| 20	| 1	| 5	|
| Con	| 8	| 13	| 3	| 14	| 6	| 6	| 12	| 13	| 0	| 14	| 1	| 0	|
| TypeF	| 0	| 0	| 0	| 0	| 0	| 0	| 0	| 0	| 0	| 0	| 0	| 0	|
| PiI	| 0	| 0	| 0	| 0	| 0	| 0	| 0	| 0	| 0	| 0	| 0	| 0	|
| PiE	| 0	| 0	| 0	| 0	| 0	| 0	| 0	| 0	| 0	| 0	| 0	| 0	|
| SigmaF	| 0	| 0	| 0	| 0	| 0	| 0	| 0	| 0	| 0	| 0	| 0	| 0	|
| SigmaI	| 0	| 0	| 0	| 0	| 0	| 0	| 0	| 0	| 0	| 0	| 0	| 0	|
| EnumF	| 0	| 0	| 0	| 0	| 0	| 0	| 0	| 0	| 0	| 0	| 0	| 0	|
| IqF	| 0	| 0	| 0	| 0	| 0	| 0	| 0	| 0	| 0	| 0	| 0	| 0	|
| IqE	| 0	| 0	| 0	| 0	| 0	| 0	| 0	| 0	| 0	| 0	| 0	| 0	|

