Scores:
|	| Prec 	| Rec 	| F1 	| Supp 	|
| PiF	| 0.152	| 0.822	| 0.256	| 45	|
| Var	| 0.130	| 0.156	| 0.141	| 45	|
| SigmaE	| 0.281	| 0.200	| 0.234	| 45	|
| Con	| 0.122	| 0.133	| 0.128	| 45	|
| TypeF	| 1.000	| 0.000	| 0.000	| 24	|
| PiI	| 1.000	| 0.000	| 0.000	| 31	|
| PiE	| 1.000	| 0.000	| 0.000	| 45	|
| SigmaF	| 1.000	| 0.000	| 0.000	| 45	|
| SigmaI	| 1.000	| 0.000	| 0.000	| 2	|
| EnumF	| 1.000	| 0.000	| 0.000	| 45	|
| IqF	| 1.000	| 0.000	| 0.000	| 2	|
| IqE	| 1.000	| 0.000	| 0.000	| 5	|

| micro	| 0.156	| 0.156	| 0.156	| 379	|
| macro	| 0.724	| 0.109	| 0.063	| 379	|
| w-avg	| 0.606	| 0.156	| 0.090	| 379	|

Confusion matrix: 
|	| PiF	| Var	| SigmaE	| Con	| TypeF	| PiI	| PiE	| SigmaF	| SigmaI	| EnumF	| IqF	| IqE	|
| PiF	| 37	| 23	| 28	| 27	| 17	| 24	| 28	| 27	| 2	| 26	| 0	| 5	|
| Var	| 3	| 7	| 7	| 8	| 3	| 2	| 10	| 5	| 0	| 8	| 1	| 0	|
| SigmaE	| 1	| 6	| 9	| 4	| 0	| 1	| 1	| 6	| 0	| 4	| 0	| 0	|
| Con	| 4	| 9	| 1	| 6	| 4	| 4	| 6	| 7	| 0	| 7	| 1	| 0	|
| TypeF	| 0	| 0	| 0	| 0	| 0	| 0	| 0	| 0	| 0	| 0	| 0	| 0	|
| PiI	| 0	| 0	| 0	| 0	| 0	| 0	| 0	| 0	| 0	| 0	| 0	| 0	|
| PiE	| 0	| 0	| 0	| 0	| 0	| 0	| 0	| 0	| 0	| 0	| 0	| 0	|
| SigmaF	| 0	| 0	| 0	| 0	| 0	| 0	| 0	| 0	| 0	| 0	| 0	| 0	|
| SigmaI	| 0	| 0	| 0	| 0	| 0	| 0	| 0	| 0	| 0	| 0	| 0	| 0	|
| EnumF	| 0	| 0	| 0	| 0	| 0	| 0	| 0	| 0	| 0	| 0	| 0	| 0	|
| IqF	| 0	| 0	| 0	| 0	| 0	| 0	| 0	| 0	| 0	| 0	| 0	| 0	|
| IqE	| 0	| 0	| 0	| 0	| 0	| 0	| 0	| 0	| 0	| 0	| 0	| 0	|

