Scores:
|	| Prec 	| Rec 	| F1 	| Supp 	|
| Con	| 0.000	| 0.000	| 0.000	| 8	|
| Var	| 0.458	| 0.936	| 0.615	| 47	|
| PiE	| 1.000	| 0.000	| 0.000	| 7	|
| PiF	| 1.000	| 0.000	| 0.000	| 23	|
| SigmaI	| 1.000	| 0.000	| 0.000	| 2	|
| SigmaE	| 1.000	| 0.000	| 0.000	| 8	|
| IqE	| 1.000	| 0.000	| 0.000	| 3	|
| PiI	| 1.000	| 0.000	| 0.000	| 3	|

| micro	| 0.436	| 0.436	| 0.436	| 101	|
| macro	| 0.807	| 0.117	| 0.077	| 101	|
| w-avg	| 0.669	| 0.436	| 0.286	| 101	|

Confusion matrix: 
|	| Con	| Var	| PiE	| PiF	| SigmaI	| SigmaE	| IqE	| PiI	|
| Con	| 0	| 3	| 2	| 0	| 0	| 0	| 0	| 0	|
| Var	| 8	| 44	| 5	| 23	| 2	| 8	| 3	| 3	|
| PiE	| 0	| 0	| 0	| 0	| 0	| 0	| 0	| 0	|
| PiF	| 0	| 0	| 0	| 0	| 0	| 0	| 0	| 0	|
| SigmaI	| 0	| 0	| 0	| 0	| 0	| 0	| 0	| 0	|
| SigmaE	| 0	| 0	| 0	| 0	| 0	| 0	| 0	| 0	|
| IqE	| 0	| 0	| 0	| 0	| 0	| 0	| 0	| 0	|
| PiI	| 0	| 0	| 0	| 0	| 0	| 0	| 0	| 0	|

