Scores:
|	| Prec 	| Rec 	| F1 	| Supp 	|
| SigmaE	| 0.166	| 0.733	| 0.270	| 45	|
| Var	| 0.160	| 0.178	| 0.168	| 45	|
| SigmaF	| 0.136	| 0.333	| 0.194	| 45	|
| PiF	| 0.235	| 0.089	| 0.129	| 45	|
| Con	| 1.000	| 0.000	| 0.000	| 45	|
| TypeF	| 1.000	| 0.000	| 0.000	| 24	|
| PiI	| 1.000	| 0.000	| 0.000	| 31	|
| PiE	| 1.000	| 0.000	| 0.000	| 45	|
| SigmaI	| 1.000	| 0.000	| 0.000	| 1	|
| EnumF	| 1.000	| 0.000	| 0.000	| 45	|
| IqF	| 1.000	| 0.000	| 0.000	| 1	|
| IqE	| 1.000	| 0.000	| 0.000	| 4	|

| micro	| 0.160	| 0.160	| 0.160	| 376	|
| macro	| 0.725	| 0.111	| 0.063	| 376	|
| w-avg	| 0.605	| 0.160	| 0.091	| 376	|

Confusion matrix: 
|	| SigmaE	| Var	| SigmaF	| PiF	| Con	| TypeF	| PiI	| PiE	| SigmaI	| EnumF	| IqF	| IqE	|
| SigmaE	| 33	| 24	| 26	| 26	| 22	| 9	| 14	| 22	| 1	| 17	| 1	| 4	|
| Var	| 4	| 8	| 3	| 1	| 11	| 1	| 4	| 9	| 0	| 9	| 0	| 0	|
| SigmaF	| 8	| 12	| 15	| 14	| 9	| 12	| 10	| 11	| 0	| 19	| 0	| 0	|
| PiF	| 0	| 1	| 1	| 4	| 3	| 2	| 3	| 3	| 0	| 0	| 0	| 0	|
| Con	| 0	| 0	| 0	| 0	| 0	| 0	| 0	| 0	| 0	| 0	| 0	| 0	|
| TypeF	| 0	| 0	| 0	| 0	| 0	| 0	| 0	| 0	| 0	| 0	| 0	| 0	|
| PiI	| 0	| 0	| 0	| 0	| 0	| 0	| 0	| 0	| 0	| 0	| 0	| 0	|
| PiE	| 0	| 0	| 0	| 0	| 0	| 0	| 0	| 0	| 0	| 0	| 0	| 0	|
| SigmaI	| 0	| 0	| 0	| 0	| 0	| 0	| 0	| 0	| 0	| 0	| 0	| 0	|
| EnumF	| 0	| 0	| 0	| 0	| 0	| 0	| 0	| 0	| 0	| 0	| 0	| 0	|
| IqF	| 0	| 0	| 0	| 0	| 0	| 0	| 0	| 0	| 0	| 0	| 0	| 0	|
| IqE	| 0	| 0	| 0	| 0	| 0	| 0	| 0	| 0	| 0	| 0	| 0	| 0	|

