Scores:
|	| Prec 	| Rec 	| F1 	| Supp 	|
| PiF	| 0.148	| 0.200	| 0.170	| 45	|
| Var	| 1.000	| 0.000	| 0.000	| 45	|
| SigmaE	| 0.140	| 0.667	| 0.232	| 45	|
| TypeF	| 0.154	| 0.083	| 0.108	| 24	|
| PiE	| 0.119	| 0.222	| 0.155	| 45	|
| Con	| 0.500	| 0.067	| 0.118	| 45	|
| PiI	| 1.000	| 0.000	| 0.000	| 31	|
| SigmaF	| 1.000	| 0.000	| 0.000	| 45	|
| SigmaI	| 1.000	| 0.000	| 0.000	| 2	|
| EnumF	| 1.000	| 0.000	| 0.000	| 45	|
| IqF	| 1.000	| 0.000	| 0.000	| 2	|
| IqE	| 1.000	| 0.000	| 0.000	| 4	|

| micro	| 0.143	| 0.143	| 0.143	| 378	|
| macro	| 0.672	| 0.103	| 0.065	| 378	|
| w-avg	| 0.578	| 0.143	| 0.087	| 378	|

Confusion matrix: 
|	| PiF	| Var	| SigmaE	| TypeF	| PiE	| Con	| PiI	| SigmaF	| SigmaI	| EnumF	| IqF	| IqE	|
| PiF	| 9	| 10	| 9	| 6	| 2	| 10	| 7	| 6	| 0	| 2	| 0	| 0	|
| Var	| 0	| 0	| 0	| 0	| 0	| 0	| 0	| 0	| 0	| 0	| 0	| 0	|
| SigmaE	| 29	| 22	| 30	| 10	| 31	| 16	| 15	| 25	| 2	| 28	| 2	| 4	|
| TypeF	| 4	| 2	| 0	| 2	| 2	| 0	| 1	| 1	| 0	| 1	| 0	| 0	|
| PiE	| 3	| 9	| 6	| 6	| 10	| 16	| 8	| 12	| 0	| 14	| 0	| 0	|
| Con	| 0	| 2	| 0	| 0	| 0	| 3	| 0	| 1	| 0	| 0	| 0	| 0	|
| PiI	| 0	| 0	| 0	| 0	| 0	| 0	| 0	| 0	| 0	| 0	| 0	| 0	|
| SigmaF	| 0	| 0	| 0	| 0	| 0	| 0	| 0	| 0	| 0	| 0	| 0	| 0	|
| SigmaI	| 0	| 0	| 0	| 0	| 0	| 0	| 0	| 0	| 0	| 0	| 0	| 0	|
| EnumF	| 0	| 0	| 0	| 0	| 0	| 0	| 0	| 0	| 0	| 0	| 0	| 0	|
| IqF	| 0	| 0	| 0	| 0	| 0	| 0	| 0	| 0	| 0	| 0	| 0	| 0	|
| IqE	| 0	| 0	| 0	| 0	| 0	| 0	| 0	| 0	| 0	| 0	| 0	| 0	|

