Scores:
|	| Prec 	| Rec 	| F1 	| Supp 	|
| SigmaE	| 0.148	| 0.711	| 0.245	| 45	|
| Var	| 1.000	| 0.000	| 0.000	| 45	|
| SigmaF	| 0.162	| 0.133	| 0.146	| 45	|
| Con	| 0.194	| 0.267	| 0.224	| 45	|
| PiF	| 0.246	| 0.333	| 0.283	| 45	|
| TypeF	| 1.000	| 0.000	| 0.000	| 24	|
| PiI	| 1.000	| 0.000	| 0.000	| 31	|
| PiE	| 1.000	| 0.000	| 0.000	| 45	|
| SigmaI	| 1.000	| 0.000	| 0.000	| 1	|
| EnumF	| 1.000	| 0.000	| 0.000	| 45	|
| IqF	| 1.000	| 0.000	| 0.000	| 1	|
| IqE	| 1.000	| 0.000	| 0.000	| 4	|

| micro	| 0.173	| 0.173	| 0.173	| 376	|
| macro	| 0.729	| 0.120	| 0.075	| 376	|
| w-avg	| 0.611	| 0.173	| 0.108	| 376	|

Confusion matrix: 
|	| SigmaE	| Var	| SigmaF	| Con	| PiF	| TypeF	| PiI	| PiE	| SigmaI	| EnumF	| IqF	| IqE	|
| SigmaE	| 32	| 26	| 23	| 23	| 22	| 13	| 16	| 25	| 1	| 30	| 1	| 4	|
| Var	| 0	| 0	| 0	| 0	| 0	| 0	| 0	| 0	| 0	| 0	| 0	| 0	|
| SigmaF	| 3	| 10	| 6	| 7	| 4	| 1	| 3	| 1	| 0	| 2	| 0	| 0	|
| Con	| 4	| 6	| 11	| 12	| 4	| 0	| 7	| 12	| 0	| 6	| 0	| 0	|
| PiF	| 6	| 3	| 5	| 3	| 15	| 10	| 5	| 7	| 0	| 7	| 0	| 0	|
| TypeF	| 0	| 0	| 0	| 0	| 0	| 0	| 0	| 0	| 0	| 0	| 0	| 0	|
| PiI	| 0	| 0	| 0	| 0	| 0	| 0	| 0	| 0	| 0	| 0	| 0	| 0	|
| PiE	| 0	| 0	| 0	| 0	| 0	| 0	| 0	| 0	| 0	| 0	| 0	| 0	|
| SigmaI	| 0	| 0	| 0	| 0	| 0	| 0	| 0	| 0	| 0	| 0	| 0	| 0	|
| EnumF	| 0	| 0	| 0	| 0	| 0	| 0	| 0	| 0	| 0	| 0	| 0	| 0	|
| IqF	| 0	| 0	| 0	| 0	| 0	| 0	| 0	| 0	| 0	| 0	| 0	| 0	|
| IqE	| 0	| 0	| 0	| 0	| 0	| 0	| 0	| 0	| 0	| 0	| 0	| 0	|

