Scores:
|	| Prec 	| Rec 	| F1 	| Supp 	|
| PiF	| 0.149	| 0.844	| 0.253	| 45	|
| Var	| 1.000	| 0.000	| 0.000	| 45	|
| PiE	| 0.109	| 0.133	| 0.120	| 45	|
| SigmaF	| 0.070	| 0.067	| 0.068	| 45	|
| TypeF	| 0.200	| 0.083	| 0.118	| 24	|
| SigmaE	| 0.333	| 0.111	| 0.167	| 45	|
| Con	| 1.000	| 0.000	| 0.000	| 45	|
| PiI	| 1.000	| 0.000	| 0.000	| 31	|
| SigmaI	| 1.000	| 0.000	| 0.000	| 2	|
| EnumF	| 1.000	| 0.000	| 0.000	| 45	|
| IqF	| 1.000	| 0.000	| 0.000	| 2	|
| IqE	| 1.000	| 0.000	| 0.000	| 4	|

| micro	| 0.143	| 0.143	| 0.143	| 378	|
| macro	| 0.655	| 0.103	| 0.060	| 378	|
| w-avg	| 0.552	| 0.143	| 0.080	| 378	|

Confusion matrix: 
|	| PiF	| Var	| PiE	| SigmaF	| TypeF	| SigmaE	| Con	| PiI	| SigmaI	| EnumF	| IqF	| IqE	|
| PiF	| 38	| 24	| 29	| 31	| 19	| 31	| 31	| 22	| 2	| 23	| 1	| 4	|
| Var	| 0	| 0	| 0	| 0	| 0	| 0	| 0	| 0	| 0	| 0	| 0	| 0	|
| PiE	| 3	| 9	| 6	| 6	| 1	| 5	| 9	| 5	| 0	| 10	| 1	| 0	|
| SigmaF	| 2	| 7	| 9	| 3	| 2	| 4	| 5	| 2	| 0	| 9	| 0	| 0	|
| TypeF	| 2	| 2	| 0	| 0	| 2	| 0	| 0	| 2	| 0	| 2	| 0	| 0	|
| SigmaE	| 0	| 3	| 1	| 5	| 0	| 5	| 0	| 0	| 0	| 1	| 0	| 0	|
| Con	| 0	| 0	| 0	| 0	| 0	| 0	| 0	| 0	| 0	| 0	| 0	| 0	|
| PiI	| 0	| 0	| 0	| 0	| 0	| 0	| 0	| 0	| 0	| 0	| 0	| 0	|
| SigmaI	| 0	| 0	| 0	| 0	| 0	| 0	| 0	| 0	| 0	| 0	| 0	| 0	|
| EnumF	| 0	| 0	| 0	| 0	| 0	| 0	| 0	| 0	| 0	| 0	| 0	| 0	|
| IqF	| 0	| 0	| 0	| 0	| 0	| 0	| 0	| 0	| 0	| 0	| 0	| 0	|
| IqE	| 0	| 0	| 0	| 0	| 0	| 0	| 0	| 0	| 0	| 0	| 0	| 0	|

