Scores:
|	| Prec 	| Rec 	| F1 	| Supp 	|
| Con	| 0.135	| 0.267	| 0.179	| 45	|
| Var	| 1.000	| 0.000	| 0.000	| 45	|
| PiF	| 0.147	| 0.867	| 0.252	| 45	|
| SigmaE	| 0.292	| 0.156	| 0.203	| 45	|
| TypeF	| 1.000	| 0.000	| 0.000	| 24	|
| PiI	| 1.000	| 0.000	| 0.000	| 31	|
| PiE	| 1.000	| 0.000	| 0.000	| 45	|
| SigmaF	| 1.000	| 0.000	| 0.000	| 45	|
| SigmaI	| 1.000	| 0.000	| 0.000	| 2	|
| EnumF	| 1.000	| 0.000	| 0.000	| 45	|
| IqF	| 1.000	| 0.000	| 0.000	| 2	|
| IqE	| 1.000	| 0.000	| 0.000	| 4	|

| micro	| 0.153	| 0.153	| 0.153	| 378	|
| macro	| 0.798	| 0.107	| 0.053	| 378	|
| w-avg	| 0.711	| 0.153	| 0.075	| 378	|

Confusion matrix: 
|	| Con	| Var	| PiF	| SigmaE	| TypeF	| PiI	| PiE	| SigmaF	| SigmaI	| EnumF	| IqF	| IqE	|
| Con	| 12	| 13	| 6	| 2	| 4	| 9	| 16	| 9	| 0	| 17	| 1	| 0	|
| Var	| 0	| 0	| 0	| 0	| 0	| 0	| 0	| 0	| 0	| 0	| 0	| 0	|
| PiF	| 29	| 27	| 39	| 36	| 20	| 22	| 26	| 35	| 2	| 24	| 1	| 4	|
| SigmaE	| 4	| 5	| 0	| 7	| 0	| 0	| 3	| 1	| 0	| 4	| 0	| 0	|
| TypeF	| 0	| 0	| 0	| 0	| 0	| 0	| 0	| 0	| 0	| 0	| 0	| 0	|
| PiI	| 0	| 0	| 0	| 0	| 0	| 0	| 0	| 0	| 0	| 0	| 0	| 0	|
| PiE	| 0	| 0	| 0	| 0	| 0	| 0	| 0	| 0	| 0	| 0	| 0	| 0	|
| SigmaF	| 0	| 0	| 0	| 0	| 0	| 0	| 0	| 0	| 0	| 0	| 0	| 0	|
| SigmaI	| 0	| 0	| 0	| 0	| 0	| 0	| 0	| 0	| 0	| 0	| 0	| 0	|
| EnumF	| 0	| 0	| 0	| 0	| 0	| 0	| 0	| 0	| 0	| 0	| 0	| 0	|
| IqF	| 0	| 0	| 0	| 0	| 0	| 0	| 0	| 0	| 0	| 0	| 0	| 0	|
| IqE	| 0	| 0	| 0	| 0	| 0	| 0	| 0	| 0	| 0	| 0	| 0	| 0	|

