Scores:
|	| Prec 	| Rec 	| F1 	| Supp 	|
| SigmaE	| 0.154	| 0.756	| 0.256	| 45	|
| Var	| 1.000	| 0.000	| 0.000	| 45	|
| Con	| 0.123	| 0.156	| 0.137	| 45	|
| PiF	| 0.164	| 0.222	| 0.189	| 45	|
| SigmaF	| 0.150	| 0.133	| 0.141	| 45	|
| TypeF	| 1.000	| 0.000	| 0.000	| 24	|
| PiI	| 1.000	| 0.000	| 0.000	| 31	|
| PiE	| 1.000	| 0.000	| 0.000	| 45	|
| SigmaI	| 1.000	| 0.000	| 0.000	| 2	|
| EnumF	| 1.000	| 0.000	| 0.000	| 45	|
| IqF	| 1.000	| 0.000	| 0.000	| 2	|
| IqE	| 1.000	| 0.000	| 0.000	| 5	|

| micro	| 0.150	| 0.150	| 0.150	| 379	|
| macro	| 0.716	| 0.106	| 0.060	| 379	|
| w-avg	| 0.595	| 0.150	| 0.086	| 379	|

Confusion matrix: 
|	| SigmaE	| Var	| Con	| PiF	| SigmaF	| TypeF	| PiI	| PiE	| SigmaI	| EnumF	| IqF	| IqE	|
| SigmaE	| 34	| 21	| 29	| 30	| 25	| 10	| 15	| 28	| 1	| 21	| 2	| 5	|
| Var	| 0	| 0	| 0	| 0	| 0	| 0	| 0	| 0	| 0	| 0	| 0	| 0	|
| Con	| 3	| 10	| 7	| 3	| 8	| 2	| 4	| 9	| 0	| 11	| 0	| 0	|
| PiF	| 5	| 6	| 6	| 10	| 6	| 7	| 9	| 6	| 1	| 5	| 0	| 0	|
| SigmaF	| 3	| 8	| 3	| 2	| 6	| 5	| 3	| 2	| 0	| 8	| 0	| 0	|
| TypeF	| 0	| 0	| 0	| 0	| 0	| 0	| 0	| 0	| 0	| 0	| 0	| 0	|
| PiI	| 0	| 0	| 0	| 0	| 0	| 0	| 0	| 0	| 0	| 0	| 0	| 0	|
| PiE	| 0	| 0	| 0	| 0	| 0	| 0	| 0	| 0	| 0	| 0	| 0	| 0	|
| SigmaI	| 0	| 0	| 0	| 0	| 0	| 0	| 0	| 0	| 0	| 0	| 0	| 0	|
| EnumF	| 0	| 0	| 0	| 0	| 0	| 0	| 0	| 0	| 0	| 0	| 0	| 0	|
| IqF	| 0	| 0	| 0	| 0	| 0	| 0	| 0	| 0	| 0	| 0	| 0	| 0	|
| IqE	| 0	| 0	| 0	| 0	| 0	| 0	| 0	| 0	| 0	| 0	| 0	| 0	|

