Scores:
|	| Prec 	| Rec 	| F1 	| Supp 	|
| Con	| 0.143	| 0.400	| 0.211	| 45	|
| Var	| 1.000	| 0.000	| 0.000	| 45	|
| PiF	| 0.143	| 0.733	| 0.240	| 45	|
| SigmaE	| 0.182	| 0.089	| 0.119	| 45	|
| TypeF	| 1.000	| 0.000	| 0.000	| 24	|
| PiI	| 1.000	| 0.000	| 0.000	| 31	|
| PiE	| 1.000	| 0.000	| 0.000	| 45	|
| SigmaF	| 1.000	| 0.000	| 0.000	| 45	|
| SigmaI	| 1.000	| 0.000	| 0.000	| 2	|
| EnumF	| 1.000	| 0.000	| 0.000	| 45	|
| IqF	| 1.000	| 0.000	| 0.000	| 2	|
| IqE	| 1.000	| 0.000	| 0.000	| 4	|

| micro	| 0.146	| 0.146	| 0.146	| 378	|
| macro	| 0.789	| 0.102	| 0.047	| 378	|
| w-avg	| 0.699	| 0.146	| 0.068	| 378	|

Confusion matrix: 
|	| Con	| Var	| PiF	| SigmaE	| TypeF	| PiI	| PiE	| SigmaF	| SigmaI	| EnumF	| IqF	| IqE	|
| Con	| 18	| 15	| 12	| 7	| 8	| 11	| 24	| 17	| 0	| 14	| 0	| 0	|
| Var	| 0	| 0	| 0	| 0	| 0	| 0	| 0	| 0	| 0	| 0	| 0	| 0	|
| PiF	| 23	| 29	| 33	| 34	| 15	| 20	| 17	| 24	| 2	| 27	| 2	| 4	|
| SigmaE	| 4	| 1	| 0	| 4	| 1	| 0	| 4	| 4	| 0	| 4	| 0	| 0	|
| TypeF	| 0	| 0	| 0	| 0	| 0	| 0	| 0	| 0	| 0	| 0	| 0	| 0	|
| PiI	| 0	| 0	| 0	| 0	| 0	| 0	| 0	| 0	| 0	| 0	| 0	| 0	|
| PiE	| 0	| 0	| 0	| 0	| 0	| 0	| 0	| 0	| 0	| 0	| 0	| 0	|
| SigmaF	| 0	| 0	| 0	| 0	| 0	| 0	| 0	| 0	| 0	| 0	| 0	| 0	|
| SigmaI	| 0	| 0	| 0	| 0	| 0	| 0	| 0	| 0	| 0	| 0	| 0	| 0	|
| EnumF	| 0	| 0	| 0	| 0	| 0	| 0	| 0	| 0	| 0	| 0	| 0	| 0	|
| IqF	| 0	| 0	| 0	| 0	| 0	| 0	| 0	| 0	| 0	| 0	| 0	| 0	|
| IqE	| 0	| 0	| 0	| 0	| 0	| 0	| 0	| 0	| 0	| 0	| 0	| 0	|

