Scores:
|	| Prec 	| Rec 	| F1 	| Supp 	|
| EnumF	| 0.120	| 0.489	| 0.192	| 45	|
| Var	| 1.000	| 0.000	| 0.000	| 45	|
| Con	| 0.182	| 0.267	| 0.216	| 45	|
| PiE	| 0.105	| 0.089	| 0.096	| 45	|
| SigmaF	| 0.111	| 0.022	| 0.037	| 45	|
| PiF	| 0.210	| 0.289	| 0.243	| 45	|
| SigmaE	| 0.412	| 0.156	| 0.226	| 45	|
| TypeF	| 1.000	| 0.000	| 0.000	| 24	|
| PiI	| 1.000	| 0.000	| 0.000	| 31	|
| SigmaI	| 1.000	| 0.000	| 0.000	| 1	|
| IqF	| 1.000	| 0.000	| 0.000	| 1	|
| IqE	| 1.000	| 0.000	| 0.000	| 4	|

| micro	| 0.157	| 0.157	| 0.157	| 376	|
| macro	| 0.595	| 0.109	| 0.084	| 376	|
| w-avg	| 0.418	| 0.157	| 0.121	| 376	|

Confusion matrix: 
|	| EnumF	| Var	| Con	| PiE	| SigmaF	| PiF	| SigmaE	| TypeF	| PiI	| SigmaI	| IqF	| IqE	|
| EnumF	| 22	| 25	| 19	| 24	| 20	| 22	| 24	| 9	| 13	| 1	| 1	| 4	|
| Var	| 0	| 0	| 0	| 0	| 0	| 0	| 0	| 0	| 0	| 0	| 0	| 0	|
| Con	| 10	| 3	| 12	| 8	| 8	| 9	| 4	| 6	| 6	| 0	| 0	| 0	|
| PiE	| 7	| 9	| 4	| 4	| 6	| 1	| 1	| 1	| 5	| 0	| 0	| 0	|
| SigmaF	| 2	| 1	| 3	| 1	| 1	| 0	| 1	| 0	| 0	| 0	| 0	| 0	|
| PiF	| 3	| 6	| 5	| 5	| 7	| 13	| 8	| 8	| 7	| 0	| 0	| 0	|
| SigmaE	| 1	| 1	| 2	| 3	| 3	| 0	| 7	| 0	| 0	| 0	| 0	| 0	|
| TypeF	| 0	| 0	| 0	| 0	| 0	| 0	| 0	| 0	| 0	| 0	| 0	| 0	|
| PiI	| 0	| 0	| 0	| 0	| 0	| 0	| 0	| 0	| 0	| 0	| 0	| 0	|
| SigmaI	| 0	| 0	| 0	| 0	| 0	| 0	| 0	| 0	| 0	| 0	| 0	| 0	|
| IqF	| 0	| 0	| 0	| 0	| 0	| 0	| 0	| 0	| 0	| 0	| 0	| 0	|
| IqE	| 0	| 0	| 0	| 0	| 0	| 0	| 0	| 0	| 0	| 0	| 0	| 0	|

