Scores:
|	| Prec 	| Rec 	| F1 	| Supp 	|
| Con	| 0.232	| 0.356	| 0.281	| 45	|
| Var	| 1.000	| 0.000	| 0.000	| 45	|
| PiF	| 0.157	| 0.822	| 0.264	| 45	|
| SigmaE	| 0.318	| 0.156	| 0.209	| 45	|
| EnumF	| 0.120	| 0.133	| 0.126	| 45	|
| TypeF	| 1.000	| 0.000	| 0.000	| 24	|
| PiI	| 1.000	| 0.000	| 0.000	| 31	|
| PiE	| 1.000	| 0.000	| 0.000	| 45	|
| SigmaF	| 1.000	| 0.000	| 0.000	| 45	|
| SigmaI	| 1.000	| 0.000	| 0.000	| 1	|
| IqF	| 1.000	| 0.000	| 0.000	| 1	|
| IqE	| 1.000	| 0.000	| 0.000	| 4	|

| micro	| 0.176	| 0.176	| 0.176	| 376	|
| macro	| 0.736	| 0.122	| 0.073	| 376	|
| w-avg	| 0.620	| 0.176	| 0.105	| 376	|

Confusion matrix: 
|	| Con	| Var	| PiF	| SigmaE	| EnumF	| TypeF	| PiI	| PiE	| SigmaF	| SigmaI	| IqF	| IqE	|
| Con	| 16	| 16	| 7	| 3	| 5	| 5	| 4	| 7	| 6	| 0	| 0	| 0	|
| Var	| 0	| 0	| 0	| 0	| 0	| 0	| 0	| 0	| 0	| 0	| 0	| 0	|
| PiF	| 21	| 20	| 37	| 32	| 30	| 17	| 25	| 22	| 25	| 1	| 1	| 4	|
| SigmaE	| 1	| 3	| 0	| 7	| 4	| 0	| 0	| 3	| 4	| 0	| 0	| 0	|
| EnumF	| 7	| 6	| 1	| 3	| 6	| 2	| 2	| 13	| 10	| 0	| 0	| 0	|
| TypeF	| 0	| 0	| 0	| 0	| 0	| 0	| 0	| 0	| 0	| 0	| 0	| 0	|
| PiI	| 0	| 0	| 0	| 0	| 0	| 0	| 0	| 0	| 0	| 0	| 0	| 0	|
| PiE	| 0	| 0	| 0	| 0	| 0	| 0	| 0	| 0	| 0	| 0	| 0	| 0	|
| SigmaF	| 0	| 0	| 0	| 0	| 0	| 0	| 0	| 0	| 0	| 0	| 0	| 0	|
| SigmaI	| 0	| 0	| 0	| 0	| 0	| 0	| 0	| 0	| 0	| 0	| 0	| 0	|
| IqF	| 0	| 0	| 0	| 0	| 0	| 0	| 0	| 0	| 0	| 0	| 0	| 0	|
| IqE	| 0	| 0	| 0	| 0	| 0	| 0	| 0	| 0	| 0	| 0	| 0	| 0	|

