Scores:
|	| Prec 	| Rec 	| F1 	| Supp 	|
| PiF	| 0.131	| 0.733	| 0.222	| 45	|
| Var	| 1.000	| 0.000	| 0.000	| 45	|
| PiE	| 0.077	| 0.133	| 0.098	| 45	|
| SigmaE	| 0.368	| 0.156	| 0.219	| 45	|
| EnumF	| 0.083	| 0.044	| 0.058	| 45	|
| Con	| 0.333	| 0.044	| 0.078	| 45	|
| TypeF	| 1.000	| 0.000	| 0.000	| 24	|
| PiI	| 1.000	| 0.000	| 0.000	| 31	|
| SigmaF	| 1.000	| 0.000	| 0.000	| 45	|
| SigmaI	| 1.000	| 0.000	| 0.000	| 2	|
| IqF	| 1.000	| 0.000	| 0.000	| 2	|
| IqE	| 1.000	| 0.000	| 0.000	| 5	|

| micro	| 0.132	| 0.132	| 0.132	| 379	|
| macro	| 0.666	| 0.093	| 0.056	| 379	|
| w-avg	| 0.524	| 0.132	| 0.080	| 379	|

Confusion matrix: 
|	| PiF	| Var	| PiE	| SigmaE	| EnumF	| Con	| TypeF	| PiI	| SigmaF	| SigmaI	| IqF	| IqE	|
| PiF	| 33	| 31	| 28	| 29	| 33	| 31	| 17	| 15	| 27	| 2	| 1	| 5	|
| Var	| 0	| 0	| 0	| 0	| 0	| 0	| 0	| 0	| 0	| 0	| 0	| 0	|
| PiE	| 4	| 12	| 6	| 7	| 8	| 10	| 3	| 13	| 14	| 0	| 1	| 0	|
| SigmaE	| 0	| 1	| 5	| 7	| 2	| 0	| 0	| 1	| 3	| 0	| 0	| 0	|
| EnumF	| 7	| 1	| 5	| 0	| 2	| 2	| 4	| 2	| 1	| 0	| 0	| 0	|
| Con	| 1	| 0	| 1	| 2	| 0	| 2	| 0	| 0	| 0	| 0	| 0	| 0	|
| TypeF	| 0	| 0	| 0	| 0	| 0	| 0	| 0	| 0	| 0	| 0	| 0	| 0	|
| PiI	| 0	| 0	| 0	| 0	| 0	| 0	| 0	| 0	| 0	| 0	| 0	| 0	|
| SigmaF	| 0	| 0	| 0	| 0	| 0	| 0	| 0	| 0	| 0	| 0	| 0	| 0	|
| SigmaI	| 0	| 0	| 0	| 0	| 0	| 0	| 0	| 0	| 0	| 0	| 0	| 0	|
| IqF	| 0	| 0	| 0	| 0	| 0	| 0	| 0	| 0	| 0	| 0	| 0	| 0	|
| IqE	| 0	| 0	| 0	| 0	| 0	| 0	| 0	| 0	| 0	| 0	| 0	| 0	|

