Scores:
|	| Prec 	| Rec 	| F1 	| Supp 	|
| Var	| 0.933	| 0.933	| 0.933	| 45	|
| Con	| 0.837	| 0.911	| 0.872	| 45	|
| PiF	| 0.843	| 0.956	| 0.896	| 45	|
| TypeF	| 1.000	| 0.875	| 0.933	| 24	|
| SigmaF	| 0.911	| 0.911	| 0.911	| 45	|
| PiI	| 0.958	| 0.742	| 0.836	| 31	|
| PiE	| 0.905	| 0.844	| 0.874	| 45	|
| EnumF	| 0.900	| 1.000	| 0.947	| 45	|
| SigmaI	| 1.000	| 0.000	| 0.000	| 1	|
| SigmaE	| 1.000	| 1.000	| 1.000	| 45	|
| IqF	| 1.000	| 0.000	| 0.000	| 1	|
| IqE	| 1.000	| 1.000	| 1.000	| 4	|

| micro	| 0.912	| 0.912	| 0.912	| 376	|
| macro	| 0.941	| 0.764	| 0.767	| 376	|
| w-avg	| 0.916	| 0.912	| 0.909	| 376	|

Confusion matrix: 
|	| Var	| Con	| PiF	| TypeF	| SigmaF	| PiI	| PiE	| EnumF	| SigmaI	| SigmaE	| IqF	| IqE	|
| Var	| 42	| 2	| 0	| 0	| 0	| 0	| 0	| 0	| 1	| 0	| 0	| 0	|
| Con	| 3	| 41	| 0	| 0	| 0	| 2	| 3	| 0	| 0	| 0	| 0	| 0	|
| PiF	| 0	| 2	| 43	| 3	| 0	| 2	| 0	| 0	| 0	| 0	| 1	| 0	|
| TypeF	| 0	| 0	| 0	| 21	| 0	| 0	| 0	| 0	| 0	| 0	| 0	| 0	|
| SigmaF	| 0	| 0	| 2	| 0	| 41	| 0	| 2	| 0	| 0	| 0	| 0	| 0	|
| PiI	| 0	| 0	| 0	| 0	| 0	| 23	| 1	| 0	| 0	| 0	| 0	| 0	|
| PiE	| 0	| 0	| 0	| 0	| 0	| 4	| 38	| 0	| 0	| 0	| 0	| 0	|
| EnumF	| 0	| 0	| 0	| 0	| 4	| 0	| 1	| 45	| 0	| 0	| 0	| 0	|
| SigmaI	| 0	| 0	| 0	| 0	| 0	| 0	| 0	| 0	| 0	| 0	| 0	| 0	|
| SigmaE	| 0	| 0	| 0	| 0	| 0	| 0	| 0	| 0	| 0	| 45	| 0	| 0	|
| IqF	| 0	| 0	| 0	| 0	| 0	| 0	| 0	| 0	| 0	| 0	| 0	| 0	|
| IqE	| 0	| 0	| 0	| 0	| 0	| 0	| 0	| 0	| 0	| 0	| 0	| 4	|

