Scores:
|	| Prec 	| Rec 	| F1 	| Supp 	|
| SigmaE	| 0.152	| 0.711	| 0.250	| 45	|
| Var	| 1.000	| 0.000	| 0.000	| 45	|
| Con	| 0.181	| 0.422	| 0.253	| 45	|
| TypeF	| 0.174	| 0.333	| 0.229	| 24	|
| PiF	| 0.286	| 0.089	| 0.136	| 45	|
| PiI	| 1.000	| 0.000	| 0.000	| 31	|
| PiE	| 1.000	| 0.000	| 0.000	| 45	|
| SigmaF	| 1.000	| 0.000	| 0.000	| 45	|
| SigmaI	| 1.000	| 0.000	| 0.000	| 1	|
| EnumF	| 1.000	| 0.000	| 0.000	| 45	|
| IqF	| 1.000	| 0.000	| 0.000	| 1	|
| IqE	| 1.000	| 0.000	| 0.000	| 4	|

| micro	| 0.168	| 0.168	| 0.168	| 376	|
| macro	| 0.733	| 0.130	| 0.072	| 376	|
| w-avg	| 0.662	| 0.168	| 0.091	| 376	|

Confusion matrix: 
|	| SigmaE	| Var	| Con	| TypeF	| PiF	| PiI	| PiE	| SigmaF	| SigmaI	| EnumF	| IqF	| IqE	|
| SigmaE	| 32	| 27	| 21	| 10	| 21	| 18	| 24	| 24	| 1	| 28	| 1	| 4	|
| Var	| 0	| 0	| 0	| 0	| 0	| 0	| 0	| 0	| 0	| 0	| 0	| 0	|
| Con	| 11	| 12	| 19	| 5	| 13	| 9	| 12	| 12	| 0	| 12	| 0	| 0	|
| TypeF	| 2	| 5	| 3	| 8	| 7	| 2	| 8	| 8	| 0	| 3	| 0	| 0	|
| PiF	| 0	| 1	| 2	| 1	| 4	| 2	| 1	| 1	| 0	| 2	| 0	| 0	|
| PiI	| 0	| 0	| 0	| 0	| 0	| 0	| 0	| 0	| 0	| 0	| 0	| 0	|
| PiE	| 0	| 0	| 0	| 0	| 0	| 0	| 0	| 0	| 0	| 0	| 0	| 0	|
| SigmaF	| 0	| 0	| 0	| 0	| 0	| 0	| 0	| 0	| 0	| 0	| 0	| 0	|
| SigmaI	| 0	| 0	| 0	| 0	| 0	| 0	| 0	| 0	| 0	| 0	| 0	| 0	|
| EnumF	| 0	| 0	| 0	| 0	| 0	| 0	| 0	| 0	| 0	| 0	| 0	| 0	|
| IqF	| 0	| 0	| 0	| 0	| 0	| 0	| 0	| 0	| 0	| 0	| 0	| 0	|
| IqE	| 0	| 0	| 0	| 0	| 0	| 0	| 0	| 0	| 0	| 0	| 0	| 0	|

