Scores:
|	| Prec 	| Rec 	| F1 	| Supp 	|
| SigmaE	| 0.155	| 0.711	| 0.254	| 45	|
| Var	| 1.000	| 0.000	| 0.000	| 45	|
| Con	| 0.105	| 0.267	| 0.151	| 45	|
| PiF	| 0.127	| 0.156	| 0.140	| 45	|
| TypeF	| 1.000	| 0.000	| 0.000	| 24	|
| PiI	| 1.000	| 0.000	| 0.000	| 31	|
| PiE	| 1.000	| 0.000	| 0.000	| 45	|
| SigmaF	| 1.000	| 0.000	| 0.000	| 45	|
| SigmaI	| 1.000	| 0.000	| 0.000	| 1	|
| EnumF	| 1.000	| 0.000	| 0.000	| 45	|
| IqF	| 1.000	| 0.000	| 0.000	| 1	|
| IqE	| 1.000	| 0.000	| 0.000	| 4	|

| micro	| 0.136	| 0.136	| 0.136	| 376	|
| macro	| 0.782	| 0.094	| 0.045	| 376	|
| w-avg	| 0.687	| 0.136	| 0.065	| 376	|

Confusion matrix: 
|	| SigmaE	| Var	| Con	| PiF	| TypeF	| PiI	| PiE	| SigmaF	| SigmaI	| EnumF	| IqF	| IqE	|
| SigmaE	| 32	| 22	| 22	| 27	| 9	| 19	| 22	| 27	| 0	| 22	| 1	| 4	|
| Var	| 0	| 0	| 0	| 0	| 0	| 0	| 0	| 0	| 0	| 0	| 0	| 0	|
| Con	| 6	| 18	| 12	| 11	| 4	| 11	| 21	| 13	| 0	| 18	| 0	| 0	|
| PiF	| 7	| 5	| 11	| 7	| 11	| 1	| 2	| 5	| 1	| 5	| 0	| 0	|
| TypeF	| 0	| 0	| 0	| 0	| 0	| 0	| 0	| 0	| 0	| 0	| 0	| 0	|
| PiI	| 0	| 0	| 0	| 0	| 0	| 0	| 0	| 0	| 0	| 0	| 0	| 0	|
| PiE	| 0	| 0	| 0	| 0	| 0	| 0	| 0	| 0	| 0	| 0	| 0	| 0	|
| SigmaF	| 0	| 0	| 0	| 0	| 0	| 0	| 0	| 0	| 0	| 0	| 0	| 0	|
| SigmaI	| 0	| 0	| 0	| 0	| 0	| 0	| 0	| 0	| 0	| 0	| 0	| 0	|
| EnumF	| 0	| 0	| 0	| 0	| 0	| 0	| 0	| 0	| 0	| 0	| 0	| 0	|
| IqF	| 0	| 0	| 0	| 0	| 0	| 0	| 0	| 0	| 0	| 0	| 0	| 0	|
| IqE	| 0	| 0	| 0	| 0	| 0	| 0	| 0	| 0	| 0	| 0	| 0	| 0	|

