Scores:
|	| Prec 	| Rec 	| F1 	| Supp 	|
| PiF	| 0.188	| 0.333	| 0.240	| 45	|
| Var	| 1.000	| 0.000	| 0.000	| 45	|
| SigmaE	| 0.160	| 0.733	| 0.263	| 45	|
| PiE	| 0.193	| 0.356	| 0.250	| 45	|
| SigmaF	| 0.333	| 0.067	| 0.111	| 45	|
| Con	| 1.000	| 0.000	| 0.000	| 45	|
| TypeF	| 1.000	| 0.000	| 0.000	| 24	|
| PiI	| 1.000	| 0.000	| 0.000	| 31	|
| SigmaI	| 1.000	| 0.000	| 0.000	| 2	|
| EnumF	| 1.000	| 0.000	| 0.000	| 45	|
| IqF	| 1.000	| 0.000	| 0.000	| 2	|
| IqE	| 1.000	| 0.000	| 0.000	| 4	|

| micro	| 0.177	| 0.177	| 0.177	| 378	|
| macro	| 0.739	| 0.124	| 0.072	| 378	|
| w-avg	| 0.628	| 0.177	| 0.103	| 378	|

Confusion matrix: 
|	| PiF	| Var	| SigmaE	| PiE	| SigmaF	| Con	| TypeF	| PiI	| SigmaI	| EnumF	| IqF	| IqE	|
| PiF	| 15	| 8	| 5	| 4	| 10	| 8	| 13	| 9	| 1	| 7	| 0	| 0	|
| Var	| 0	| 0	| 0	| 0	| 0	| 0	| 0	| 0	| 0	| 0	| 0	| 0	|
| SigmaE	| 22	| 24	| 33	| 25	| 23	| 23	| 9	| 15	| 1	| 25	| 2	| 4	|
| PiE	| 8	| 9	| 7	| 16	| 9	| 13	| 2	| 7	| 0	| 12	| 0	| 0	|
| SigmaF	| 0	| 4	| 0	| 0	| 3	| 1	| 0	| 0	| 0	| 1	| 0	| 0	|
| Con	| 0	| 0	| 0	| 0	| 0	| 0	| 0	| 0	| 0	| 0	| 0	| 0	|
| TypeF	| 0	| 0	| 0	| 0	| 0	| 0	| 0	| 0	| 0	| 0	| 0	| 0	|
| PiI	| 0	| 0	| 0	| 0	| 0	| 0	| 0	| 0	| 0	| 0	| 0	| 0	|
| SigmaI	| 0	| 0	| 0	| 0	| 0	| 0	| 0	| 0	| 0	| 0	| 0	| 0	|
| EnumF	| 0	| 0	| 0	| 0	| 0	| 0	| 0	| 0	| 0	| 0	| 0	| 0	|
| IqF	| 0	| 0	| 0	| 0	| 0	| 0	| 0	| 0	| 0	| 0	| 0	| 0	|
| IqE	| 0	| 0	| 0	| 0	| 0	| 0	| 0	| 0	| 0	| 0	| 0	| 0	|

