Scores:
|	| Prec 	| Rec 	| F1 	| Supp 	|
| Con	| 0.160	| 0.178	| 0.168	| 90	|
| Var	| 1.000	| 0.000	| 0.000	| 90	|
| PiF	| 0.142	| 0.833	| 0.243	| 90	|
| EnumF	| 0.100	| 0.089	| 0.094	| 90	|
| SigmaE	| 0.261	| 0.133	| 0.176	| 90	|
| TypeF	| 1.000	| 0.000	| 0.000	| 48	|
| PiI	| 1.000	| 0.000	| 0.000	| 62	|
| PiE	| 1.000	| 0.000	| 0.000	| 90	|
| SigmaF	| 1.000	| 0.000	| 0.000	| 90	|
| SigmaI	| 1.000	| 0.000	| 0.000	| 3	|
| IqF	| 1.000	| 0.000	| 0.000	| 3	|
| IqE	| 1.000	| 0.000	| 0.000	| 8	|

| micro	| 0.147	| 0.147	| 0.147	| 754	|
| macro	| 0.722	| 0.103	| 0.057	| 754	|
| w-avg	| 0.602	| 0.147	| 0.081	| 754	|

Confusion matrix: 
|	| Con	| Var	| PiF	| EnumF	| SigmaE	| TypeF	| PiI	| PiE	| SigmaF	| SigmaI	| IqF	| IqE	|
| Con	| 16	| 7	| 3	| 18	| 9	| 2	| 10	| 21	| 13	| 0	| 1	| 0	|
| Var	| 0	| 0	| 0	| 0	| 0	| 0	| 0	| 0	| 0	| 0	| 0	| 0	|
| PiF	| 59	| 71	| 75	| 59	| 63	| 39	| 41	| 50	| 58	| 3	| 2	| 8	|
| EnumF	| 9	| 7	| 12	| 8	| 6	| 7	| 8	| 13	| 10	| 0	| 0	| 0	|
| SigmaE	| 6	| 5	| 0	| 5	| 12	| 0	| 3	| 6	| 9	| 0	| 0	| 0	|
| TypeF	| 0	| 0	| 0	| 0	| 0	| 0	| 0	| 0	| 0	| 0	| 0	| 0	|
| PiI	| 0	| 0	| 0	| 0	| 0	| 0	| 0	| 0	| 0	| 0	| 0	| 0	|
| PiE	| 0	| 0	| 0	| 0	| 0	| 0	| 0	| 0	| 0	| 0	| 0	| 0	|
| SigmaF	| 0	| 0	| 0	| 0	| 0	| 0	| 0	| 0	| 0	| 0	| 0	| 0	|
| SigmaI	| 0	| 0	| 0	| 0	| 0	| 0	| 0	| 0	| 0	| 0	| 0	| 0	|
| IqF	| 0	| 0	| 0	| 0	| 0	| 0	| 0	| 0	| 0	| 0	| 0	| 0	|
| IqE	| 0	| 0	| 0	| 0	| 0	| 0	| 0	| 0	| 0	| 0	| 0	| 0	|

