Scores:
|	| Prec 	| Rec 	| F1 	| Supp 	|
| PiF	| 0.139	| 0.600	| 0.226	| 45	|
| Var	| 1.000	| 0.000	| 0.000	| 45	|
| Con	| 0.137	| 0.311	| 0.190	| 45	|
| TypeF	| 0.179	| 0.417	| 0.250	| 24	|
| SigmaE	| 0.292	| 0.156	| 0.203	| 45	|
| PiI	| 1.000	| 0.000	| 0.000	| 31	|
| PiE	| 1.000	| 0.000	| 0.000	| 45	|
| SigmaF	| 1.000	| 0.000	| 0.000	| 45	|
| SigmaI	| 1.000	| 0.000	| 0.000	| 1	|
| EnumF	| 1.000	| 0.000	| 0.000	| 45	|
| IqF	| 1.000	| 0.000	| 0.000	| 1	|
| IqE	| 1.000	| 0.000	| 0.000	| 4	|

| micro	| 0.154	| 0.154	| 0.154	| 376	|
| macro	| 0.729	| 0.124	| 0.072	| 376	|
| w-avg	| 0.657	| 0.154	| 0.090	| 376	|

Confusion matrix: 
|	| PiF	| Var	| Con	| TypeF	| SigmaE	| PiI	| PiE	| SigmaF	| SigmaI	| EnumF	| IqF	| IqE	|
| PiF	| 27	| 21	| 22	| 9	| 24	| 17	| 21	| 27	| 1	| 20	| 1	| 4	|
| Var	| 0	| 0	| 0	| 0	| 0	| 0	| 0	| 0	| 0	| 0	| 0	| 0	|
| Con	| 8	| 14	| 14	| 5	| 6	| 9	| 18	| 10	| 0	| 18	| 0	| 0	|
| TypeF	| 10	| 5	| 7	| 10	| 8	| 5	| 2	| 4	| 0	| 5	| 0	| 0	|
| SigmaE	| 0	| 5	| 2	| 0	| 7	| 0	| 4	| 4	| 0	| 2	| 0	| 0	|
| PiI	| 0	| 0	| 0	| 0	| 0	| 0	| 0	| 0	| 0	| 0	| 0	| 0	|
| PiE	| 0	| 0	| 0	| 0	| 0	| 0	| 0	| 0	| 0	| 0	| 0	| 0	|
| SigmaF	| 0	| 0	| 0	| 0	| 0	| 0	| 0	| 0	| 0	| 0	| 0	| 0	|
| SigmaI	| 0	| 0	| 0	| 0	| 0	| 0	| 0	| 0	| 0	| 0	| 0	| 0	|
| EnumF	| 0	| 0	| 0	| 0	| 0	| 0	| 0	| 0	| 0	| 0	| 0	| 0	|
| IqF	| 0	| 0	| 0	| 0	| 0	| 0	| 0	| 0	| 0	| 0	| 0	| 0	|
| IqE	| 0	| 0	| 0	| 0	| 0	| 0	| 0	| 0	| 0	| 0	| 0	| 0	|

