Scores:
|	| Prec 	| Rec 	| F1 	| Supp 	|
| PiF	| 0.212	| 0.156	| 0.179	| 45	|
| Var	| 1.000	| 0.000	| 0.000	| 45	|
| SigmaE	| 0.167	| 0.778	| 0.276	| 45	|
| Con	| 0.169	| 0.222	| 0.192	| 45	|
| TypeF	| 0.071	| 0.125	| 0.091	| 24	|
| PiI	| 0.057	| 0.065	| 0.061	| 31	|
| PiE	| 1.000	| 0.000	| 0.000	| 45	|
| SigmaF	| 1.000	| 0.000	| 0.000	| 45	|
| SigmaI	| 1.000	| 0.000	| 0.000	| 2	|
| EnumF	| 1.000	| 0.000	| 0.000	| 45	|
| IqF	| 1.000	| 0.000	| 0.000	| 2	|
| IqE	| 1.000	| 0.000	| 0.000	| 4	|

| micro	| 0.151	| 0.151	| 0.151	| 378	|
| macro	| 0.640	| 0.112	| 0.067	| 378	|
| w-avg	| 0.572	| 0.151	| 0.088	| 378	|

Confusion matrix: 
|	| PiF	| Var	| SigmaE	| Con	| TypeF	| PiI	| PiE	| SigmaF	| SigmaI	| EnumF	| IqF	| IqE	|
| PiF	| 7	| 5	| 0	| 2	| 3	| 4	| 3	| 3	| 0	| 6	| 0	| 0	|
| Var	| 0	| 0	| 0	| 0	| 0	| 0	| 0	| 0	| 0	| 0	| 0	| 0	|
| SigmaE	| 27	| 21	| 35	| 27	| 11	| 17	| 15	| 25	| 2	| 23	| 2	| 4	|
| Con	| 2	| 8	| 4	| 10	| 0	| 6	| 14	| 10	| 0	| 5	| 0	| 0	|
| TypeF	| 8	| 2	| 5	| 5	| 3	| 2	| 8	| 4	| 0	| 5	| 0	| 0	|
| PiI	| 1	| 9	| 1	| 1	| 7	| 2	| 5	| 3	| 0	| 6	| 0	| 0	|
| PiE	| 0	| 0	| 0	| 0	| 0	| 0	| 0	| 0	| 0	| 0	| 0	| 0	|
| SigmaF	| 0	| 0	| 0	| 0	| 0	| 0	| 0	| 0	| 0	| 0	| 0	| 0	|
| SigmaI	| 0	| 0	| 0	| 0	| 0	| 0	| 0	| 0	| 0	| 0	| 0	| 0	|
| EnumF	| 0	| 0	| 0	| 0	| 0	| 0	| 0	| 0	| 0	| 0	| 0	| 0	|
| IqF	| 0	| 0	| 0	| 0	| 0	| 0	| 0	| 0	| 0	| 0	| 0	| 0	|
| IqE	| 0	| 0	| 0	| 0	| 0	| 0	| 0	| 0	| 0	| 0	| 0	| 0	|

