Scores:
|	| Prec 	| Rec 	| F1 	| Supp 	|
| Var	| 0.957	| 0.978	| 0.967	| 90	|
| SigmaE	| 0.967	| 0.989	| 0.978	| 90	|
| Con	| 0.978	| 0.989	| 0.983	| 90	|
| TypeF	| 1.000	| 1.000	| 1.000	| 48	|
| PiF	| 0.989	| 0.967	| 0.978	| 90	|
| PiE	| 0.976	| 0.889	| 0.930	| 90	|
| SigmaF	| 0.937	| 0.989	| 0.962	| 90	|
| PiI	| 0.937	| 0.952	| 0.944	| 62	|
| IqE	| 0.643	| 1.000	| 0.783	| 9	|
| SigmaI	| 1.000	| 0.000	| 0.000	| 3	|
| EnumF	| 1.000	| 1.000	| 1.000	| 90	|
| IqF	| 1.000	| 0.000	| 0.000	| 3	|

| micro	| 0.964	| 0.964	| 0.964	| 755	|
| macro	| 0.949	| 0.813	| 0.794	| 755	|
| w-avg	| 0.967	| 0.964	| 0.961	| 755	|

Confusion matrix: 
|	| Var	| SigmaE	| Con	| TypeF	| PiF	| PiE	| SigmaF	| PiI	| IqE	| SigmaI	| EnumF	| IqF	|
| Var	| 88	| 1	| 1	| 0	| 0	| 0	| 0	| 0	| 0	| 2	| 0	| 0	|
| SigmaE	| 1	| 89	| 0	| 0	| 0	| 0	| 0	| 0	| 0	| 0	| 0	| 2	|
| Con	| 1	| 0	| 89	| 0	| 0	| 0	| 0	| 0	| 0	| 0	| 0	| 1	|
| TypeF	| 0	| 0	| 0	| 48	| 0	| 0	| 0	| 0	| 0	| 0	| 0	| 0	|
| PiF	| 0	| 0	| 0	| 0	| 87	| 0	| 1	| 0	| 0	| 0	| 0	| 0	|
| PiE	| 0	| 0	| 0	| 0	| 2	| 80	| 0	| 0	| 0	| 0	| 0	| 0	|
| SigmaF	| 0	| 0	| 0	| 0	| 1	| 5	| 89	| 0	| 0	| 0	| 0	| 0	|
| PiI	| 0	| 0	| 0	| 0	| 0	| 4	| 0	| 59	| 0	| 0	| 0	| 0	|
| IqE	| 0	| 0	| 0	| 0	| 0	| 1	| 0	| 3	| 9	| 1	| 0	| 0	|
| SigmaI	| 0	| 0	| 0	| 0	| 0	| 0	| 0	| 0	| 0	| 0	| 0	| 0	|
| EnumF	| 0	| 0	| 0	| 0	| 0	| 0	| 0	| 0	| 0	| 0	| 90	| 0	|
| IqF	| 0	| 0	| 0	| 0	| 0	| 0	| 0	| 0	| 0	| 0	| 0	| 0	|

