Scores:
|	| Prec 	| Rec 	| F1 	| Supp 	|
| PiF	| 0.126	| 0.667	| 0.212	| 45	|
| Var	| 0.190	| 0.089	| 0.121	| 45	|
| Con	| 0.153	| 0.244	| 0.188	| 45	|
| PiE	| 0.178	| 0.178	| 0.178	| 45	|
| TypeF	| 1.000	| 0.000	| 0.000	| 24	|
| PiI	| 1.000	| 0.000	| 0.000	| 31	|
| SigmaF	| 1.000	| 0.000	| 0.000	| 45	|
| SigmaI	| 1.000	| 0.000	| 0.000	| 1	|
| SigmaE	| 1.000	| 0.000	| 0.000	| 45	|
| EnumF	| 1.000	| 0.000	| 0.000	| 45	|
| IqF	| 1.000	| 0.000	| 0.000	| 1	|
| IqE	| 1.000	| 0.000	| 0.000	| 4	|

| micro	| 0.141	| 0.141	| 0.141	| 376	|
| macro	| 0.721	| 0.098	| 0.058	| 376	|
| w-avg	| 0.599	| 0.141	| 0.084	| 376	|

Confusion matrix: 
|	| PiF	| Var	| Con	| PiE	| TypeF	| PiI	| SigmaF	| SigmaI	| SigmaE	| EnumF	| IqF	| IqE	|
| PiF	| 30	| 30	| 27	| 26	| 17	| 21	| 28	| 1	| 28	| 25	| 1	| 4	|
| Var	| 6	| 4	| 1	| 3	| 0	| 1	| 3	| 0	| 1	| 2	| 0	| 0	|
| Con	| 3	| 8	| 11	| 8	| 3	| 3	| 10	| 0	| 12	| 14	| 0	| 0	|
| PiE	| 6	| 3	| 6	| 8	| 4	| 6	| 4	| 0	| 4	| 4	| 0	| 0	|
| TypeF	| 0	| 0	| 0	| 0	| 0	| 0	| 0	| 0	| 0	| 0	| 0	| 0	|
| PiI	| 0	| 0	| 0	| 0	| 0	| 0	| 0	| 0	| 0	| 0	| 0	| 0	|
| SigmaF	| 0	| 0	| 0	| 0	| 0	| 0	| 0	| 0	| 0	| 0	| 0	| 0	|
| SigmaI	| 0	| 0	| 0	| 0	| 0	| 0	| 0	| 0	| 0	| 0	| 0	| 0	|
| SigmaE	| 0	| 0	| 0	| 0	| 0	| 0	| 0	| 0	| 0	| 0	| 0	| 0	|
| EnumF	| 0	| 0	| 0	| 0	| 0	| 0	| 0	| 0	| 0	| 0	| 0	| 0	|
| IqF	| 0	| 0	| 0	| 0	| 0	| 0	| 0	| 0	| 0	| 0	| 0	| 0	|
| IqE	| 0	| 0	| 0	| 0	| 0	| 0	| 0	| 0	| 0	| 0	| 0	| 0	|

