Scores:
|	| Prec 	| Rec 	| F1 	| Supp 	|
| PiF	| 0.155	| 0.900	| 0.264	| 90	|
| Var	| 0.136	| 0.133	| 0.135	| 90	|
| Con	| 0.216	| 0.267	| 0.239	| 90	|
| SigmaE	| 0.424	| 0.156	| 0.228	| 90	|
| TypeF	| 1.000	| 0.000	| 0.000	| 48	|
| PiI	| 1.000	| 0.000	| 0.000	| 62	|
| PiE	| 1.000	| 0.000	| 0.000	| 90	|
| SigmaF	| 1.000	| 0.000	| 0.000	| 90	|
| SigmaI	| 1.000	| 0.000	| 0.000	| 3	|
| EnumF	| 1.000	| 0.000	| 0.000	| 90	|
| IqF	| 1.000	| 0.000	| 0.000	| 3	|
| IqE	| 1.000	| 0.000	| 0.000	| 9	|

| micro	| 0.174	| 0.174	| 0.174	| 755	|
| macro	| 0.744	| 0.121	| 0.072	| 755	|
| w-avg	| 0.634	| 0.174	| 0.103	| 755	|

Confusion matrix: 
|	| PiF	| Var	| Con	| SigmaE	| TypeF	| PiI	| PiE	| SigmaF	| SigmaI	| EnumF	| IqF	| IqE	|
| PiF	| 81	| 63	| 51	| 59	| 38	| 43	| 56	| 57	| 3	| 60	| 3	| 9	|
| Var	| 5	| 12	| 11	| 6	| 6	| 12	| 16	| 8	| 0	| 12	| 0	| 0	|
| Con	| 4	| 12	| 24	| 11	| 4	| 7	| 12	| 21	| 0	| 16	| 0	| 0	|
| SigmaE	| 0	| 3	| 4	| 14	| 0	| 0	| 6	| 4	| 0	| 2	| 0	| 0	|
| TypeF	| 0	| 0	| 0	| 0	| 0	| 0	| 0	| 0	| 0	| 0	| 0	| 0	|
| PiI	| 0	| 0	| 0	| 0	| 0	| 0	| 0	| 0	| 0	| 0	| 0	| 0	|
| PiE	| 0	| 0	| 0	| 0	| 0	| 0	| 0	| 0	| 0	| 0	| 0	| 0	|
| SigmaF	| 0	| 0	| 0	| 0	| 0	| 0	| 0	| 0	| 0	| 0	| 0	| 0	|
| SigmaI	| 0	| 0	| 0	| 0	| 0	| 0	| 0	| 0	| 0	| 0	| 0	| 0	|
| EnumF	| 0	| 0	| 0	| 0	| 0	| 0	| 0	| 0	| 0	| 0	| 0	| 0	|
| IqF	| 0	| 0	| 0	| 0	| 0	| 0	| 0	| 0	| 0	| 0	| 0	| 0	|
| IqE	| 0	| 0	| 0	| 0	| 0	| 0	| 0	| 0	| 0	| 0	| 0	| 0	|

