Scores:
|	| Prec 	| Rec 	| F1 	| Supp 	|
| EnumF	| 0.162	| 0.489	| 0.243	| 45	|
| Var	| 0.126	| 0.622	| 0.209	| 45	|
| Con	| 1.000	| 0.000	| 0.000	| 45	|
| PiF	| 0.294	| 0.111	| 0.161	| 45	|
| TypeF	| 1.000	| 0.000	| 0.000	| 24	|
| PiI	| 1.000	| 0.000	| 0.000	| 31	|
| PiE	| 1.000	| 0.000	| 0.000	| 45	|
| SigmaF	| 1.000	| 0.000	| 0.000	| 45	|
| SigmaI	| 1.000	| 0.000	| 0.000	| 1	|
| SigmaE	| 1.000	| 0.000	| 0.000	| 45	|
| IqF	| 1.000	| 0.000	| 0.000	| 1	|
| IqE	| 1.000	| 0.000	| 0.000	| 4	|

| micro	| 0.146	| 0.146	| 0.146	| 376	|
| macro	| 0.798	| 0.102	| 0.051	| 376	|
| w-avg	| 0.711	| 0.146	| 0.073	| 376	|

Confusion matrix: 
|	| EnumF	| Var	| Con	| PiF	| TypeF	| PiI	| PiE	| SigmaF	| SigmaI	| SigmaE	| IqF	| IqE	|
| EnumF	| 22	| 17	| 17	| 7	| 9	| 10	| 25	| 19	| 0	| 10	| 0	| 0	|
| Var	| 21	| 28	| 27	| 33	| 13	| 16	| 20	| 24	| 1	| 35	| 1	| 4	|
| Con	| 0	| 0	| 0	| 0	| 0	| 0	| 0	| 0	| 0	| 0	| 0	| 0	|
| PiF	| 2	| 0	| 1	| 5	| 2	| 5	| 0	| 2	| 0	| 0	| 0	| 0	|
| TypeF	| 0	| 0	| 0	| 0	| 0	| 0	| 0	| 0	| 0	| 0	| 0	| 0	|
| PiI	| 0	| 0	| 0	| 0	| 0	| 0	| 0	| 0	| 0	| 0	| 0	| 0	|
| PiE	| 0	| 0	| 0	| 0	| 0	| 0	| 0	| 0	| 0	| 0	| 0	| 0	|
| SigmaF	| 0	| 0	| 0	| 0	| 0	| 0	| 0	| 0	| 0	| 0	| 0	| 0	|
| SigmaI	| 0	| 0	| 0	| 0	| 0	| 0	| 0	| 0	| 0	| 0	| 0	| 0	|
| SigmaE	| 0	| 0	| 0	| 0	| 0	| 0	| 0	| 0	| 0	| 0	| 0	| 0	|
| IqF	| 0	| 0	| 0	| 0	| 0	| 0	| 0	| 0	| 0	| 0	| 0	| 0	|
| IqE	| 0	| 0	| 0	| 0	| 0	| 0	| 0	| 0	| 0	| 0	| 0	| 0	|

