Scores:
|	| Prec 	| Rec 	| F1 	| Supp 	|
| SigmaE	| 0.136	| 0.667	| 0.226	| 45	|
| Var	| 1.000	| 0.000	| 0.000	| 45	|
| PiF	| 0.200	| 0.289	| 0.236	| 45	|
| EnumF	| 0.089	| 0.089	| 0.089	| 45	|
| PiE	| 0.244	| 0.244	| 0.244	| 45	|
| Con	| 1.000	| 0.000	| 0.000	| 45	|
| SigmaF	| 0.000	| 0.000	| 0.000	| 45	|
| TypeF	| 1.000	| 0.000	| 0.000	| 24	|
| PiI	| 1.000	| 0.000	| 0.000	| 31	|
| SigmaI	| 1.000	| 0.000	| 0.000	| 2	|
| IqF	| 1.000	| 0.000	| 0.000	| 2	|
| IqE	| 1.000	| 0.000	| 0.000	| 5	|

| micro	| 0.153	| 0.153	| 0.153	| 379	|
| macro	| 0.639	| 0.107	| 0.066	| 379	|
| w-avg	| 0.486	| 0.153	| 0.095	| 379	|

Confusion matrix: 
|	| SigmaE	| Var	| PiF	| EnumF	| PiE	| Con	| SigmaF	| TypeF	| PiI	| SigmaI	| IqF	| IqE	|
| SigmaE	| 30	| 28	| 27	| 29	| 22	| 25	| 26	| 8	| 17	| 1	| 2	| 5	|
| Var	| 0	| 0	| 0	| 0	| 0	| 0	| 0	| 0	| 0	| 0	| 0	| 0	|
| PiF	| 6	| 4	| 13	| 4	| 5	| 6	| 9	| 11	| 6	| 1	| 0	| 0	|
| EnumF	| 5	| 7	| 4	| 4	| 6	| 6	| 5	| 4	| 4	| 0	| 0	| 0	|
| PiE	| 3	| 6	| 1	| 7	| 11	| 7	| 5	| 1	| 4	| 0	| 0	| 0	|
| Con	| 0	| 0	| 0	| 0	| 0	| 0	| 0	| 0	| 0	| 0	| 0	| 0	|
| SigmaF	| 1	| 0	| 0	| 1	| 1	| 1	| 0	| 0	| 0	| 0	| 0	| 0	|
| TypeF	| 0	| 0	| 0	| 0	| 0	| 0	| 0	| 0	| 0	| 0	| 0	| 0	|
| PiI	| 0	| 0	| 0	| 0	| 0	| 0	| 0	| 0	| 0	| 0	| 0	| 0	|
| SigmaI	| 0	| 0	| 0	| 0	| 0	| 0	| 0	| 0	| 0	| 0	| 0	| 0	|
| IqF	| 0	| 0	| 0	| 0	| 0	| 0	| 0	| 0	| 0	| 0	| 0	| 0	|
| IqE	| 0	| 0	| 0	| 0	| 0	| 0	| 0	| 0	| 0	| 0	| 0	| 0	|

