Scores:
|	| Prec 	| Rec 	| F1 	| Supp 	|
| PiE	| 0.168	| 0.356	| 0.229	| 45	|
| Var	| 1.000	| 0.000	| 0.000	| 45	|
| PiF	| 0.146	| 0.711	| 0.242	| 45	|
| TypeF	| 0.200	| 0.333	| 0.250	| 24	|
| SigmaE	| 0.208	| 0.111	| 0.145	| 45	|
| Con	| 1.000	| 0.000	| 0.000	| 45	|
| PiI	| 1.000	| 0.000	| 0.000	| 31	|
| SigmaF	| 1.000	| 0.000	| 0.000	| 45	|
| SigmaI	| 1.000	| 0.000	| 0.000	| 2	|
| EnumF	| 1.000	| 0.000	| 0.000	| 45	|
| IqF	| 1.000	| 0.000	| 0.000	| 2	|
| IqE	| 1.000	| 0.000	| 0.000	| 4	|

| micro	| 0.161	| 0.161	| 0.161	| 378	|
| macro	| 0.727	| 0.126	| 0.072	| 378	|
| w-avg	| 0.654	| 0.161	| 0.089	| 378	|

Confusion matrix: 
|	| PiE	| Var	| PiF	| TypeF	| SigmaE	| Con	| PiI	| SigmaF	| SigmaI	| EnumF	| IqF	| IqE	|
| PiE	| 16	| 16	| 8	| 2	| 3	| 16	| 9	| 14	| 0	| 10	| 1	| 0	|
| Var	| 0	| 0	| 0	| 0	| 0	| 0	| 0	| 0	| 0	| 0	| 0	| 0	|
| PiF	| 23	| 22	| 32	| 13	| 31	| 21	| 17	| 25	| 2	| 28	| 1	| 4	|
| TypeF	| 2	| 5	| 4	| 8	| 6	| 6	| 5	| 1	| 0	| 3	| 0	| 0	|
| SigmaE	| 4	| 2	| 1	| 1	| 5	| 2	| 0	| 5	| 0	| 4	| 0	| 0	|
| Con	| 0	| 0	| 0	| 0	| 0	| 0	| 0	| 0	| 0	| 0	| 0	| 0	|
| PiI	| 0	| 0	| 0	| 0	| 0	| 0	| 0	| 0	| 0	| 0	| 0	| 0	|
| SigmaF	| 0	| 0	| 0	| 0	| 0	| 0	| 0	| 0	| 0	| 0	| 0	| 0	|
| SigmaI	| 0	| 0	| 0	| 0	| 0	| 0	| 0	| 0	| 0	| 0	| 0	| 0	|
| EnumF	| 0	| 0	| 0	| 0	| 0	| 0	| 0	| 0	| 0	| 0	| 0	| 0	|
| IqF	| 0	| 0	| 0	| 0	| 0	| 0	| 0	| 0	| 0	| 0	| 0	| 0	|
| IqE	| 0	| 0	| 0	| 0	| 0	| 0	| 0	| 0	| 0	| 0	| 0	| 0	|

