Scores:
|	| Prec 	| Rec 	| F1 	| Supp 	|
| SigmaF	| 0.233	| 0.533	| 0.324	| 107	|
| PiE	| 0.238	| 0.211	| 0.223	| 114	|
| EnumF	| 1.000	| 0.000	| 0.000	| 90	|
| Var	| 0.309	| 0.516	| 0.387	| 124	|
| Con	| 1.000	| 0.000	| 0.000	| 65	|
| SigmaE	| 1.000	| 0.000	| 0.000	| 16	|
| PiF	| 1.000	| 0.000	| 0.000	| 22	|
| IqE	| 1.000	| 0.000	| 0.000	| 2	|
| IqF	| 1.000	| 0.000	| 0.000	| 1	|
| PiI	| 1.000	| 0.000	| 0.000	| 8	|
| TypeF	| 1.000	| 0.000	| 0.000	| 3	|
| SigmaI	| 1.000	| 0.000	| 0.000	| 1	|

| micro	| 0.262	| 0.262	| 0.262	| 553	|
| macro	| 0.815	| 0.105	| 0.078	| 553	|
| w-avg	| 0.539	| 0.262	| 0.195	| 553	|

Confusion matrix: 
|	| SigmaF	| PiE	| EnumF	| Var	| Con	| SigmaE	| PiF	| IqE	| IqF	| PiI	| TypeF	| SigmaI	|
| SigmaF	| 57	| 51	| 55	| 42	| 23	| 9	| 5	| 0	| 0	| 1	| 2	| 0	|
| PiE	| 21	| 24	| 19	| 18	| 17	| 0	| 1	| 0	| 0	| 0	| 1	| 0	|
| EnumF	| 0	| 0	| 0	| 0	| 0	| 0	| 0	| 0	| 0	| 0	| 0	| 0	|
| Var	| 29	| 39	| 16	| 64	| 25	| 7	| 16	| 2	| 1	| 7	| 0	| 1	|
| Con	| 0	| 0	| 0	| 0	| 0	| 0	| 0	| 0	| 0	| 0	| 0	| 0	|
| SigmaE	| 0	| 0	| 0	| 0	| 0	| 0	| 0	| 0	| 0	| 0	| 0	| 0	|
| PiF	| 0	| 0	| 0	| 0	| 0	| 0	| 0	| 0	| 0	| 0	| 0	| 0	|
| IqE	| 0	| 0	| 0	| 0	| 0	| 0	| 0	| 0	| 0	| 0	| 0	| 0	|
| IqF	| 0	| 0	| 0	| 0	| 0	| 0	| 0	| 0	| 0	| 0	| 0	| 0	|
| PiI	| 0	| 0	| 0	| 0	| 0	| 0	| 0	| 0	| 0	| 0	| 0	| 0	|
| TypeF	| 0	| 0	| 0	| 0	| 0	| 0	| 0	| 0	| 0	| 0	| 0	| 0	|
| SigmaI	| 0	| 0	| 0	| 0	| 0	| 0	| 0	| 0	| 0	| 0	| 0	| 0	|

