Scores:
|	| Prec 	| Rec 	| F1 	| Supp 	|
| SigmaE	| 0.145	| 0.778	| 0.245	| 45	|
| Var	| 0.050	| 0.022	| 0.031	| 45	|
| SigmaF	| 0.165	| 0.422	| 0.238	| 45	|
| Con	| 1.000	| 0.000	| 0.000	| 45	|
| TypeF	| 1.000	| 0.000	| 0.000	| 24	|
| PiF	| 1.000	| 0.000	| 0.000	| 45	|
| PiI	| 1.000	| 0.000	| 0.000	| 31	|
| PiE	| 1.000	| 0.000	| 0.000	| 45	|
| SigmaI	| 1.000	| 0.000	| 0.000	| 1	|
| EnumF	| 1.000	| 0.000	| 0.000	| 45	|
| IqF	| 1.000	| 0.000	| 0.000	| 1	|
| IqE	| 1.000	| 0.000	| 0.000	| 4	|

| micro	| 0.146	| 0.146	| 0.146	| 376	|
| macro	| 0.780	| 0.102	| 0.043	| 376	|
| w-avg	| 0.684	| 0.146	| 0.061	| 376	|

Confusion matrix: 
|	| SigmaE	| Var	| SigmaF	| Con	| TypeF	| PiF	| PiI	| PiE	| SigmaI	| EnumF	| IqF	| IqE	|
| SigmaE	| 35	| 26	| 26	| 27	| 12	| 29	| 21	| 32	| 1	| 27	| 1	| 4	|
| Var	| 0	| 1	| 0	| 3	| 3	| 4	| 5	| 0	| 0	| 4	| 0	| 0	|
| SigmaF	| 10	| 18	| 19	| 15	| 9	| 12	| 5	| 13	| 0	| 14	| 0	| 0	|
| Con	| 0	| 0	| 0	| 0	| 0	| 0	| 0	| 0	| 0	| 0	| 0	| 0	|
| TypeF	| 0	| 0	| 0	| 0	| 0	| 0	| 0	| 0	| 0	| 0	| 0	| 0	|
| PiF	| 0	| 0	| 0	| 0	| 0	| 0	| 0	| 0	| 0	| 0	| 0	| 0	|
| PiI	| 0	| 0	| 0	| 0	| 0	| 0	| 0	| 0	| 0	| 0	| 0	| 0	|
| PiE	| 0	| 0	| 0	| 0	| 0	| 0	| 0	| 0	| 0	| 0	| 0	| 0	|
| SigmaI	| 0	| 0	| 0	| 0	| 0	| 0	| 0	| 0	| 0	| 0	| 0	| 0	|
| EnumF	| 0	| 0	| 0	| 0	| 0	| 0	| 0	| 0	| 0	| 0	| 0	| 0	|
| IqF	| 0	| 0	| 0	| 0	| 0	| 0	| 0	| 0	| 0	| 0	| 0	| 0	|
| IqE	| 0	| 0	| 0	| 0	| 0	| 0	| 0	| 0	| 0	| 0	| 0	| 0	|

