Scores:
|	| Prec 	| Rec 	| F1 	| Supp 	|
| PiE	| 0.095	| 0.089	| 0.092	| 45	|
| Var	| 1.000	| 0.000	| 0.000	| 45	|
| Con	| 0.255	| 0.311	| 0.280	| 45	|
| PiF	| 0.150	| 0.844	| 0.255	| 45	|
| SigmaE	| 0.357	| 0.222	| 0.274	| 45	|
| TypeF	| 1.000	| 0.000	| 0.000	| 24	|
| PiI	| 1.000	| 0.000	| 0.000	| 31	|
| SigmaF	| 1.000	| 0.000	| 0.000	| 45	|
| SigmaI	| 1.000	| 0.000	| 0.000	| 2	|
| EnumF	| 1.000	| 0.000	| 0.000	| 45	|
| IqF	| 1.000	| 0.000	| 0.000	| 2	|
| IqE	| 1.000	| 0.000	| 0.000	| 4	|

| micro	| 0.175	| 0.175	| 0.175	| 378	|
| macro	| 0.738	| 0.122	| 0.075	| 378	|
| w-avg	| 0.626	| 0.175	| 0.107	| 378	|

Confusion matrix: 
|	| PiE	| Var	| Con	| PiF	| SigmaE	| TypeF	| PiI	| SigmaF	| SigmaI	| EnumF	| IqF	| IqE	|
| PiE	| 4	| 7	| 6	| 3	| 4	| 3	| 0	| 7	| 0	| 8	| 0	| 0	|
| Var	| 0	| 0	| 0	| 0	| 0	| 0	| 0	| 0	| 0	| 0	| 0	| 0	|
| Con	| 10	| 5	| 14	| 3	| 4	| 3	| 3	| 4	| 0	| 9	| 0	| 0	|
| PiF	| 27	| 28	| 25	| 38	| 27	| 18	| 28	| 32	| 2	| 22	| 2	| 4	|
| SigmaE	| 4	| 5	| 0	| 1	| 10	| 0	| 0	| 2	| 0	| 6	| 0	| 0	|
| TypeF	| 0	| 0	| 0	| 0	| 0	| 0	| 0	| 0	| 0	| 0	| 0	| 0	|
| PiI	| 0	| 0	| 0	| 0	| 0	| 0	| 0	| 0	| 0	| 0	| 0	| 0	|
| SigmaF	| 0	| 0	| 0	| 0	| 0	| 0	| 0	| 0	| 0	| 0	| 0	| 0	|
| SigmaI	| 0	| 0	| 0	| 0	| 0	| 0	| 0	| 0	| 0	| 0	| 0	| 0	|
| EnumF	| 0	| 0	| 0	| 0	| 0	| 0	| 0	| 0	| 0	| 0	| 0	| 0	|
| IqF	| 0	| 0	| 0	| 0	| 0	| 0	| 0	| 0	| 0	| 0	| 0	| 0	|
| IqE	| 0	| 0	| 0	| 0	| 0	| 0	| 0	| 0	| 0	| 0	| 0	| 0	|

