Scores:
|	| Prec 	| Rec 	| F1 	| Supp 	|
| SigmaE	| 0.190	| 0.089	| 0.121	| 45	|
| Var	| 1.000	| 0.000	| 0.000	| 45	|
| PiF	| 0.167	| 0.289	| 0.211	| 45	|
| PiE	| 0.128	| 0.533	| 0.206	| 45	|
| EnumF	| 0.135	| 0.267	| 0.179	| 45	|
| Con	| 1.000	| 0.000	| 0.000	| 45	|
| TypeF	| 1.000	| 0.000	| 0.000	| 24	|
| PiI	| 1.000	| 0.000	| 0.000	| 31	|
| SigmaF	| 1.000	| 0.000	| 0.000	| 45	|
| SigmaI	| 1.000	| 0.000	| 0.000	| 1	|
| IqF	| 1.000	| 0.000	| 0.000	| 1	|
| IqE	| 1.000	| 0.000	| 0.000	| 4	|

| micro	| 0.141	| 0.141	| 0.141	| 376	|
| macro	| 0.718	| 0.098	| 0.060	| 376	|
| w-avg	| 0.595	| 0.141	| 0.086	| 376	|

Confusion matrix: 
|	| SigmaE	| Var	| PiF	| PiE	| EnumF	| Con	| TypeF	| PiI	| SigmaF	| SigmaI	| IqF	| IqE	|
| SigmaE	| 4	| 5	| 1	| 3	| 3	| 2	| 0	| 1	| 2	| 0	| 0	| 0	|
| Var	| 0	| 0	| 0	| 0	| 0	| 0	| 0	| 0	| 0	| 0	| 0	| 0	|
| PiF	| 4	| 3	| 13	| 7	| 11	| 7	| 15	| 7	| 10	| 1	| 0	| 0	|
| PiE	| 26	| 26	| 21	| 24	| 19	| 25	| 5	| 17	| 20	| 0	| 1	| 4	|
| EnumF	| 11	| 11	| 10	| 11	| 12	| 11	| 4	| 6	| 13	| 0	| 0	| 0	|
| Con	| 0	| 0	| 0	| 0	| 0	| 0	| 0	| 0	| 0	| 0	| 0	| 0	|
| TypeF	| 0	| 0	| 0	| 0	| 0	| 0	| 0	| 0	| 0	| 0	| 0	| 0	|
| PiI	| 0	| 0	| 0	| 0	| 0	| 0	| 0	| 0	| 0	| 0	| 0	| 0	|
| SigmaF	| 0	| 0	| 0	| 0	| 0	| 0	| 0	| 0	| 0	| 0	| 0	| 0	|
| SigmaI	| 0	| 0	| 0	| 0	| 0	| 0	| 0	| 0	| 0	| 0	| 0	| 0	|
| IqF	| 0	| 0	| 0	| 0	| 0	| 0	| 0	| 0	| 0	| 0	| 0	| 0	|
| IqE	| 0	| 0	| 0	| 0	| 0	| 0	| 0	| 0	| 0	| 0	| 0	| 0	|

